4 0.47716346153846156 0.375 0.08173076923076923 0.11298076923076923
4 0.31971153846153844 0.45552884615384615 0.07692307692307693 0.10216346153846154
4 0.4639423076923077 0.5276442307692307 0.09975961538461539 0.12980769230769232
4 0.078125 0.5528846153846154 0.06370192307692307 0.12620192307692307
4 0.2932692307692308 0.5552884615384616 0.04927884615384615 0.12139423076923077
4 0.15504807692307693 0.5721153846153846 0.08774038461538461 0.12980769230769232
4 0.22355769230769232 0.6262019230769231 0.039663461538461536 0.13581730769230768
4 0.2824519230769231 0.6586538461538461 0.06490384615384616 0.13701923076923078
4 0.41466346153846156 0.6754807692307693 0.08774038461538461 0.1201923076923077
4 0.5216346153846154 0.6947115384615384 0.057692307692307696 0.13942307692307693
4 0.7475961538461539 0.7355769230769231 0.06971153846153846 0.14423076923076922
4 0.6237980769230769 0.7728365384615384 0.10576923076923077 0.14783653846153846
