4 0.5012019230769231 0.21514423076923078 0.1814903846153846 0.12980769230769232
4 0.7692307692307693 0.24639423076923078 0.1658653846153846 0.16706730769230768
4 0.7319711538461539 0.40865384615384615 0.15504807692307693 0.203125
4 0.49399038461538464 0.421875 0.18509615384615385 0.27403846153846156
4 0.6370192307692307 0.5492788461538461 0.16346153846153846 0.27403846153846156
4 0.7740384615384616 0.6153846153846154 0.1310096153846154 0.27403846153846156
4 0.2247596153846154 0.6237980769230769 0.17427884615384615 0.2536057692307692
4 0.38100961538461536 0.6610576923076923 0.1466346153846154 0.25721153846153844
4 0.6862980769230769 0.8088942307692307 0.18389423076923078 0.2403846153846154
4 0.31850961538461536 0.13341346153846154 0.16706730769230768 0.12740384615384615
