4 0.8461538461538461 0.30288461538461536 0.05889423076923077 0.08533653846153846
4 0.5012019230769231 0.31971153846153844 0.07692307692307693 0.08774038461538461
4 0.2439903846153846 0.33413461538461536 0.052884615384615384 0.11658653846153846
4 0.7860576923076923 0.037259615384615384 0.06490384615384616 0.06850961538461539
4 0.9423076923076923 0.3762019230769231 0.046875 0.11177884615384616
4 0.5973557692307693 0.38461538461538464 0.08052884615384616 0.05889423076923077
4 0.1778846153846154 0.39302884615384615 0.02403846153846154 0.10096153846153846
4 0.6622596153846154 0.39903846153846156 0.04447115384615385 0.12980769230769232
4 0.2668269230769231 0.04326923076923077 0.038461538461538464 0.08653846153846154
4 0.38461538461538464 0.44591346153846156 0.08052884615384616 0.12259615384615384
4 0.7175480769230769 0.44711538461538464 0.04447115384615385 0.10336538461538461
4 0.9146634615384616 0.45072115384615385 0.08173076923076923 0.06370192307692307
4 0.45072115384615385 0.4735576923076923 0.08173076923076923 0.10817307692307693
4 0.8485576923076923 0.47716346153846156 0.046875 0.11177884615384616
4 0.1310096153846154 0.4879807692307692 0.0733173076923077 0.12259615384615384
4 0.30288461538461536 0.5288461538461539 0.08052884615384616 0.10817307692307693
4 0.38221153846153844 0.5516826923076923 0.04567307692307692 0.12259615384615384
4 0.07211538461538461 0.5516826923076923 0.0733173076923077 0.06370192307692307
4 0.6790865384615384 0.5588942307692307 0.0733173076923077 0.11899038461538461
4 0.7487980769230769 0.5637019230769231 0.07692307692307693 0.11899038461538461
4 0.1778846153846154 0.5733173076923077 0.054086538461538464 0.07932692307692307
4 0.1310096153846154 0.59375 0.07211538461538461 0.05889423076923077
4 0.6262019230769231 0.6286057692307693 0.078125 0.05889423076923077
4 0.037259615384615384 0.6502403846153846 0.0733173076923077 0.11658653846153846
4 0.18629807692307693 0.6658653846153846 0.04927884615384615 0.09495192307692307
4 0.7644230769230769 0.6766826923076923 0.0625 0.13221153846153846
4 0.43990384615384615 0.6838942307692307 0.0733173076923077 0.09014423076923077
4 0.5336538461538461 0.06971153846153846 0.07692307692307693 0.125
4 0.6598557692307693 0.7091346153846154 0.02283653846153846 0.125
4 0.59375 0.7199519230769231 0.040865384615384616 0.125
4 0.38341346153846156 0.7235576923076923 0.04567307692307692 0.09495192307692307
4 0.8365384615384616 0.7283653846153846 0.08173076923076923 0.04567307692307692
4 0.9627403846153846 0.07572115384615384 0.042067307692307696 0.09254807692307693
4 0.5300480769230769 0.7824519230769231 0.057692307692307696 0.04807692307692308
4 0.9026442307692307 0.8125 0.06971153846153846 0.07692307692307693
4 0.027644230769230768 0.8197115384615384 0.055288461538461536 0.10576923076923077
4 0.7091346153846154 0.8209134615384616 0.052884615384615384 0.10817307692307693
4 0.9543269230769231 0.8317307692307693 0.06850961538461539 0.05048076923076923
4 0.6262019230769231 0.8425480769230769 0.0625 0.0985576923076923
4 0.23317307692307693 0.84375 0.0673076923076923 0.13221153846153846
4 0.3894230769230769 0.8725961538461539 0.03485576923076923 0.05889423076923077
4 0.09254807692307693 0.9026442307692307 0.03485576923076923 0.10336538461538461
4 0.038461538461538464 0.9194711538461539 0.05048076923076923 0.11899038461538461
4 0.43990384615384615 0.9543269230769231 0.08052884615384616 0.08533653846153846
4 0.3425480769230769 0.9795673076923077 0.052884615384615384 0.02403846153846154
4 0.8088942307692307 0.10576923076923077 0.042067307692307696 0.10576923076923077
4 0.3713942307692308 0.12620192307692307 0.027644230769230768 0.10336538461538461
4 0.44350961538461536 0.13581730769230768 0.06370192307692307 0.12259615384615384
4 0.5961538461538461 0.14302884615384615 0.054086538461538464 0.11658653846153846
4 0.07572115384615384 0.17548076923076922 0.057692307692307696 0.10576923076923077
4 0.33533653846153844 0.21634615384615385 0.06370192307692307 0.08774038461538461
4 0.16346153846153846 0.24759615384615385 0.06490384615384616 0.03485576923076923
4 0.7956730769230769 0.2644230769230769 0.06850961538461539 0.07692307692307693
