4 0.6514423076923077 0.17067307692307693 0.08653846153846154 0.06009615384615385
4 0.2668269230769231 0.21634615384615385 0.09134615384615384 0.040865384615384616
4 0.10096153846153846 0.21995192307692307 0.07692307692307693 0.10336538461538461
4 0.3858173076923077 0.22956730769230768 0.10817307692307693 0.10576923076923077
4 0.5036057692307693 0.24278846153846154 0.11658653846153846 0.06009615384615385
4 0.640625 0.27403846153846156 0.08533653846153846 0.0733173076923077
4 0.04807692307692308 0.29927884615384615 0.09615384615384616 0.05048076923076923
4 0.9014423076923077 0.3125 0.11778846153846154 0.1141826923076923
4 0.7355769230769231 0.33052884615384615 0.1045673076923077 0.11057692307692307
4 0.6057692307692307 0.3641826923076923 0.06490384615384616 0.06490384615384616
4 0.24879807692307693 0.38341346153846156 0.06490384615384616 0.1045673076923077
4 0.19831730769230768 0.039663461538461536 0.11298076923076923 0.07692307692307693
4 0.6802884615384616 0.39903846153846156 0.1045673076923077 0.10576923076923077
4 0.41346153846153844 0.4050480769230769 0.11057692307692307 0.08173076923076923
4 0.2512019230769231 0.5108173076923077 0.10336538461538461 0.04447115384615385
4 0.45072115384615385 0.5204326923076923 0.10576923076923077 0.08653846153846154
4 0.8161057692307693 0.5288461538461539 0.0829326923076923 0.05048076923076923
4 0.11658653846153846 0.5576923076923077 0.10096153846153846 0.057692307692307696
4 0.31009615384615385 0.5697115384615384 0.09495192307692307 0.052884615384615384
4 0.6658653846153846 0.5757211538461539 0.10576923076923077 0.08173076923076923
4 0.44471153846153844 0.5949519230769231 0.10817307692307693 0.04567307692307692
4 0.8930288461538461 0.6009615384615384 0.109375 0.0829326923076923
4 0.7295673076923077 0.6286057692307693 0.09254807692307693 0.052884615384615384
4 0.2403846153846154 0.6466346153846154 0.052884615384615384 0.09615384615384616
4 0.3125 0.6574519230769231 0.10336538461538461 0.06009615384615385
4 0.6514423076923077 0.6971153846153846 0.057692307692307696 0.09134615384615384
4 0.24158653846153846 0.7548076923076923 0.1045673076923077 0.0625
4 0.171875 0.796875 0.04567307692307692 0.10817307692307693
4 0.6490384615384616 0.8149038461538461 0.08052884615384616 0.11778846153846154
4 0.9014423076923077 0.8786057692307693 0.08533653846153846 0.11899038461538461
4 0.07932692307692307 0.9194711538461539 0.0829326923076923 0.09134615384615384
4 0.6310096153846154 0.96875 0.09254807692307693 0.05889423076923077
4 0.8076923076923077 0.09975961538461539 0.0673076923076923 0.06850961538461539
4 0.3798076923076923 0.11298076923076923 0.09254807692307693 0.10576923076923077
