4 0.4807692307692308 0.45072115384615385 0.05889423076923077 0.06850961538461539
4 0.10576923076923077 0.4735576923076923 0.046875 0.08774038461538461
4 0.5625 0.49038461538461536 0.055288461538461536 0.08774038461538461
4 0.4326923076923077 0.5048076923076923 0.06370192307692307 0.09254807692307693
4 0.5108173076923077 0.5084134615384616 0.06370192307692307 0.09014423076923077
4 0.18028846153846154 0.515625 0.054086538461538464 0.09014423076923077
4 0.265625 0.5180288461538461 0.06009615384615385 0.08533653846153846
4 0.7043269230769231 0.5372596153846154 0.055288461538461536 0.08774038461538461
4 0.09615384615384616 0.5504807692307693 0.04927884615384615 0.08533653846153846
4 0.8533653846153846 0.5516826923076923 0.04447115384615385 0.0829326923076923
4 0.7716346153846154 0.5528846153846154 0.055288461538461536 0.08533653846153846
4 0.49158653846153844 0.5540865384615384 0.04927884615384615 0.0733173076923077
4 0.9146634615384616 0.5576923076923077 0.04447115384615385 0.08052884615384616
4 0.3918269230769231 0.5588942307692307 0.0625 0.09254807692307693
4 0.21514423076923078 0.5612980769230769 0.055288461538461536 0.08774038461538461
4 0.6021634615384616 0.5697115384615384 0.06370192307692307 0.08533653846153846
4 0.35336538461538464 0.5757211538461539 0.054086538461538464 0.08774038461538461
4 0.2824519230769231 0.5877403846153846 0.0625 0.08774038461538461
4 0.5372596153846154 0.5997596153846154 0.06370192307692307 0.09014423076923077
4 0.6526442307692307 0.6057692307692307 0.0673076923076923 0.09254807692307693
4 0.8245192307692307 0.6358173076923077 0.054086538461538464 0.09615384615384616
4 0.7692307692307693 0.6418269230769231 0.057692307692307696 0.08774038461538461
4 0.7079326923076923 0.6538461538461539 0.05889423076923077 0.08774038461538461
4 0.4807692307692308 0.6574519230769231 0.06370192307692307 0.08774038461538461
4 0.171875 0.6706730769230769 0.054086538461538464 0.09615384615384616
4 0.28725961538461536 0.6742788461538461 0.052884615384615384 0.08774038461538461
4 0.6189903846153846 0.6742788461538461 0.06009615384615385 0.09254807692307693
4 0.38341346153846156 0.6850961538461539 0.05889423076923077 0.09014423076923077
4 0.32572115384615385 0.6971153846153846 0.0625 0.09615384615384616
4 0.43028846153846156 0.7043269230769231 0.0625 0.09014423076923077
4 0.6778846153846154 0.7067307692307693 0.06009615384615385 0.08533653846153846
4 0.5793269230769231 0.7079326923076923 0.057692307692307696 0.08774038461538461
4 0.5192307692307693 0.7151442307692307 0.06490384615384616 0.09254807692307693
