4 0.7788461538461539 0.25721153846153844 0.03125 0.08173076923076923
4 0.8233173076923077 0.27524038461538464 0.04567307692307692 0.08413461538461539
4 0.5360576923076923 0.28966346153846156 0.03245192307692308 0.078125
4 0.3389423076923077 0.29927884615384615 0.036057692307692304 0.08653846153846154
4 0.046875 0.33533653846153844 0.054086538461538464 0.08413461538461539
4 0.40024038461538464 0.037259615384615384 0.037259615384615384 0.06490384615384616
4 0.8353365384615384 0.3641826923076923 0.057692307692307696 0.09375
4 0.31971153846153844 0.36538461538461536 0.042067307692307696 0.08173076923076923
4 0.4375 0.41466346153846156 0.030048076923076924 0.08173076923076923
4 0.6778846153846154 0.4230769230769231 0.054086538461538464 0.09134615384615384
4 0.14903846153846154 0.43149038461538464 0.04567307692307692 0.08052884615384616
4 0.9711538461538461 0.4326923076923077 0.055288461538461536 0.09134615384615384
4 0.7355769230769231 0.5348557692307693 0.040865384615384616 0.109375
4 0.6502403846153846 0.5360576923076923 0.056490384615384616 0.10216346153846154
4 0.5757211538461539 0.5432692307692307 0.05889423076923077 0.09975961538461539
4 0.2692307692307692 0.6105769230769231 0.06129807692307692 0.09615384615384616
4 0.7692307692307693 0.6117788461538461 0.040865384615384616 0.09134615384615384
4 0.057692307692307696 0.6274038461538461 0.06370192307692307 0.09615384615384616
4 0.8329326923076923 0.6514423076923077 0.04447115384615385 0.09735576923076923
4 0.1045673076923077 0.0673076923076923 0.04927884615384615 0.078125
4 0.4699519230769231 0.6730769230769231 0.042067307692307696 0.09375
4 0.2536057692307692 0.6899038461538461 0.06610576923076923 0.09615384615384616
4 0.5492788461538461 0.7079326923076923 0.06009615384615385 0.06850961538461539
4 0.3425480769230769 0.7211538461538461 0.040865384615384616 0.11298076923076923
4 0.23918269230769232 0.7680288461538461 0.039663461538461536 0.11778846153846154
4 0.39783653846153844 0.7704326923076923 0.06850961538461539 0.09975961538461539
4 0.6153846153846154 0.7872596153846154 0.06009615384615385 0.07091346153846154
4 0.5661057692307693 0.8305288461538461 0.06370192307692307 0.06850961538461539
4 0.4951923076923077 0.8389423076923077 0.055288461538461536 0.12259615384615384
4 0.7608173076923077 0.9158653846153846 0.06610576923076923 0.125
4 0.22716346153846154 0.9206730769230769 0.051682692307692304 0.1310096153846154
4 0.4579326923076923 0.13822115384615385 0.028846153846153848 0.08413461538461539
4 0.8028846153846154 0.14182692307692307 0.037259615384615384 0.06610576923076923
4 0.41225961538461536 0.15144230769230768 0.03365384615384615 0.08052884615384616
4 0.33653846153846156 0.21153846153846154 0.04567307692307692 0.08052884615384616
4 0.5588942307692307 0.21754807692307693 0.03125 0.07572115384615384
