4 0.6382211538461539 0.2644230769230769 0.06009615384615385 0.08653846153846154
4 0.7728365384615384 0.28125 0.057692307692307696 0.08653846153846154
4 0.8629807692307693 0.2920673076923077 0.057692307692307696 0.09134615384615384
4 0.5360576923076923 0.3137019230769231 0.06129807692307692 0.07692307692307693
4 0.12620192307692307 0.03365384615384615 0.06009615384615385 0.0673076923076923
4 0.3112980769230769 0.3701923076923077 0.05889423076923077 0.09375
4 0.4639423076923077 0.38100961538461536 0.05889423076923077 0.09375
4 0.6875 0.38341346153846156 0.057692307692307696 0.09134615384615384
4 0.2920673076923077 0.042067307692307696 0.036057692307692304 0.08413461538461539
4 0.9134615384615384 0.46033653846153844 0.04326923076923077 0.09134615384615384
4 0.7103365384615384 0.4735576923076923 0.06129807692307692 0.09134615384615384
4 0.35336538461538464 0.47475961538461536 0.051682692307692304 0.09014423076923077
4 0.125 0.5168269230769231 0.0673076923076923 0.0625
4 0.19951923076923078 0.5360576923076923 0.0625 0.08052884615384616
4 0.42788461538461536 0.054086538461538464 0.054086538461538464 0.09735576923076923
4 0.6057692307692307 0.5492788461538461 0.06009615384615385 0.07932692307692307
4 0.8425480769230769 0.5661057692307693 0.06129807692307692 0.056490384615384616
4 0.06971153846153846 0.6009615384615384 0.07091346153846154 0.09375
4 0.6298076923076923 0.6117788461538461 0.0625 0.09375
4 0.35216346153846156 0.6177884615384616 0.06370192307692307 0.09375
4 0.171875 0.6334134615384616 0.056490384615384616 0.09615384615384616
4 0.8846153846153846 0.6838942307692307 0.0673076923076923 0.09134615384615384
4 0.08653846153846154 0.7247596153846154 0.04567307692307692 0.08653846153846154
4 0.4519230769230769 0.7512019230769231 0.06370192307692307 0.09615384615384616
4 0.6274038461538461 0.7524038461538461 0.0625 0.09375
4 0.8112980769230769 0.7536057692307693 0.04807692307692308 0.08774038461538461
4 0.17908653846153846 0.7716346153846154 0.057692307692307696 0.08774038461538461
4 0.27163461538461536 0.78125 0.0625 0.06971153846153846
4 0.7391826923076923 0.8497596153846154 0.051682692307692304 0.0829326923076923
4 0.2283653846153846 0.8653846153846154 0.06610576923076923 0.07932692307692307
4 0.5408653846153846 0.9158653846153846 0.052884615384615384 0.07451923076923077
4 0.20552884615384615 0.09495192307692307 0.057692307692307696 0.10336538461538461
4 0.2512019230769231 0.9591346153846154 0.06129807692307692 0.07932692307692307
4 0.6117788461538461 0.09735576923076923 0.06009615384615385 0.10096153846153846
4 0.9338942307692307 0.16466346153846154 0.055288461538461536 0.08052884615384616
