4 0.4987980769230769 0.2956730769230769 0.0985576923076923 0.1310096153846154
4 0.6850961538461539 0.39663461538461536 0.06009615384615385 0.18269230769230768
4 0.5192307692307693 0.4074519230769231 0.1141826923076923 0.08653846153846154
4 0.1045673076923077 0.4519230769230769 0.1045673076923077 0.11658653846153846
4 0.3485576923076923 0.46274038461538464 0.078125 0.15865384615384615
4 0.03245192307692308 0.4987980769230769 0.06490384615384616 0.15625
4 0.171875 0.5024038461538461 0.04447115384615385 0.15865384615384615
4 0.25961538461538464 0.5084134615384616 0.1045673076923077 0.051682692307692304
4 0.43990384615384615 0.5240384615384616 0.12259615384615384 0.19591346153846154
4 0.5264423076923077 0.5480769230769231 0.08052884615384616 0.1658653846153846
4 0.33052884615384615 0.5997596153846154 0.11778846153846154 0.051682692307692304
4 0.6646634615384616 0.6177884615384616 0.0733173076923077 0.140625
4 0.9507211538461539 0.6382211538461539 0.0625 0.14903846153846154
4 0.25841346153846156 0.6430288461538461 0.0985576923076923 0.05889423076923077
4 0.8545673076923077 0.6706730769230769 0.06490384615384616 0.16346153846153846
4 0.6971153846153846 0.07572115384615384 0.11778846153846154 0.056490384615384616
4 0.6322115384615384 0.7740384615384616 0.05889423076923077 0.19591346153846154
4 0.042067307692307696 0.7872596153846154 0.0829326923076923 0.13341346153846154
4 0.32572115384615385 0.8028846153846154 0.12379807692307693 0.140625
4 0.4266826923076923 0.8425480769230769 0.1141826923076923 0.07692307692307693
4 0.5288461538461539 0.8473557692307693 0.08533653846153846 0.20072115384615385
4 0.8485576923076923 0.08774038461538461 0.12740384615384615 0.1658653846153846
4 0.640625 0.9314903846153846 0.08774038461538461 0.1310096153846154
4 0.1814903846153846 0.9423076923076923 0.11057692307692307 0.08653846153846154
4 0.5841346153846154 0.11899038461538461 0.12620192307692307 0.054086538461538464
4 0.5096153846153846 0.15504807692307693 0.08774038461538461 0.15625
4 0.04447115384615385 0.17307692307692307 0.08774038461538461 0.18870192307692307
4 0.6959134615384616 0.21634615384615385 0.11778846153846154 0.09134615384615384
4 0.8665865384615384 0.23677884615384615 0.11778846153846154 0.17067307692307693
