4 0.36538461538461536 0.27524038461538464 0.07692307692307693 0.09014423076923077
4 0.23076923076923078 0.2776442307692308 0.0733173076923077 0.11057692307692307
4 0.09495192307692307 0.3293269230769231 0.052884615384615384 0.09014423076923077
4 0.4170673076923077 0.3737980769230769 0.11778846153846154 0.08052884615384616
4 0.9302884615384616 0.3918269230769231 0.1141826923076923 0.1622596153846154
4 0.22235576923076922 0.4014423076923077 0.08533653846153846 0.12740384615384615
4 0.65625 0.4014423076923077 0.10576923076923077 0.13701923076923078
4 0.03125 0.4206730769230769 0.0625 0.11538461538461539
4 0.5072115384615384 0.4519230769230769 0.09254807692307693 0.11057692307692307
4 0.5901442307692307 0.49399038461538464 0.09975961538461539 0.14903846153846154
4 0.2536057692307692 0.49759615384615385 0.09615384615384616 0.0829326923076923
4 0.3425480769230769 0.5132211538461539 0.08653846153846154 0.10096153846153846
4 0.8064903846153846 0.5480769230769231 0.11658653846153846 0.15985576923076922
4 0.1141826923076923 0.5492788461538461 0.09495192307692307 0.1466346153846154
4 0.5997596153846154 0.06009615384615385 0.08774038461538461 0.1201923076923077
4 0.06009615384615385 0.6634615384615384 0.078125 0.06610576923076923
4 0.03485576923076923 0.7259615384615384 0.06490384615384616 0.054086538461538464
4 0.12379807692307693 0.7283653846153846 0.0985576923076923 0.1466346153846154
4 0.9350961538461539 0.7524038461538461 0.09975961538461539 0.14182692307692307
4 0.578125 0.7956730769230769 0.14182692307692307 0.07091346153846154
4 0.47836538461538464 0.8112980769230769 0.0733173076923077 0.09254807692307693
4 0.7716346153846154 0.8377403846153846 0.12259615384615384 0.15144230769230768
4 0.040865384615384616 0.9338942307692307 0.08173076923076923 0.07932692307692307
4 0.10817307692307693 0.9387019230769231 0.05889423076923077 0.11778846153846154
4 0.052884615384615384 0.09735576923076923 0.05889423076923077 0.16466346153846154
4 0.7848557692307693 0.9567307692307693 0.10096153846153846 0.08052884615384616
4 0.4254807692307692 0.9615384615384616 0.06971153846153846 0.07091346153846154
4 0.671875 0.9639423076923077 0.08653846153846154 0.06610576923076923
4 0.5757211538461539 0.9651442307692307 0.10817307692307693 0.06370192307692307
4 0.6694711538461539 0.10576923076923077 0.109375 0.1622596153846154
4 0.3125 0.12980769230769232 0.05889423076923077 0.12740384615384615
4 0.5576923076923077 0.23076923076923078 0.0985576923076923 0.1466346153846154
