4 0.11298076923076923 0.26322115384615385 0.07572115384615384 0.07572115384615384
4 0.30288461538461536 0.27283653846153844 0.0733173076923077 0.10096153846153846
4 0.36899038461538464 0.27283653846153844 0.05889423076923077 0.11538461538461539
4 0.6923076923076923 0.31009615384615385 0.04927884615384615 0.1201923076923077
4 0.6358173076923077 0.31490384615384615 0.08533653846153846 0.10096153846153846
4 0.5168269230769231 0.3389423076923077 0.07692307692307693 0.08533653846153846
4 0.037259615384615384 0.35216346153846156 0.036057692307692304 0.1201923076923077
4 0.9519230769230769 0.37259615384615385 0.057692307692307696 0.11778846153846154
4 0.7608173076923077 0.3942307692307692 0.0829326923076923 0.06850961538461539
4 0.46274038461538464 0.42427884615384615 0.06009615384615385 0.11298076923076923
4 0.6826923076923077 0.046875 0.07211538461538461 0.054086538461538464
4 0.515625 0.47115384615384615 0.037259615384615384 0.12259615384615384
4 0.8413461538461539 0.5084134615384616 0.036057692307692304 0.10096153846153846
4 0.9459134615384616 0.5132211538461539 0.06850961538461539 0.09615384615384616
4 0.24759615384615385 0.5180288461538461 0.08052884615384616 0.11538461538461539
4 0.8786057692307693 0.054086538461538464 0.055288461538461536 0.10817307692307693
4 0.027644230769230768 0.5504807692307693 0.055288461538461536 0.10096153846153846
4 0.5576923076923077 0.5661057692307693 0.03245192307692308 0.12259615384615384
4 0.7992788461538461 0.6009615384615384 0.037259615384615384 0.12740384615384615
4 0.28725961538461536 0.6057692307692307 0.06490384615384616 0.0733173076923077
4 0.8533653846153846 0.6117788461538461 0.0733173076923077 0.12980769230769232
4 0.5997596153846154 0.6598557692307693 0.08533653846153846 0.08774038461538461
4 0.15384615384615385 0.6682692307692307 0.08533653846153846 0.06129807692307692
4 0.49759615384615385 0.6706730769230769 0.04447115384615385 0.11057692307692307
4 0.6586538461538461 0.6754807692307693 0.052884615384615384 0.1201923076923077
4 0.5564903846153846 0.06971153846153846 0.08052884615384616 0.07091346153846154
4 0.7283653846153846 0.7019230769230769 0.08533653846153846 0.11057692307692307
4 0.42427884615384615 0.7235576923076923 0.06009615384615385 0.04927884615384615
4 0.9507211538461539 0.7391826923076923 0.08173076923076923 0.08533653846153846
4 0.056490384615384616 0.7427884615384616 0.07692307692307693 0.09254807692307693
4 0.36658653846153844 0.7584134615384616 0.03245192307692308 0.11538461538461539
4 0.8173076923076923 0.7764423076923077 0.06850961538461539 0.11298076923076923
4 0.6875 0.7788461538461539 0.05048076923076923 0.12259615384615384
4 0.7283653846153846 0.7884615384615384 0.046875 0.06610576923076923
4 0.44711538461538464 0.8004807692307693 0.07572115384615384 0.09615384615384616
4 0.0625 0.8401442307692307 0.08052884615384616 0.078125
4 0.9242788461538461 0.8413461538461539 0.052884615384615384 0.11057692307692307
4 0.7692307692307693 0.8509615384615384 0.078125 0.06850961538461539
4 0.27403846153846156 0.8617788461538461 0.08533653846153846 0.1201923076923077
4 0.8629807692307693 0.8677884615384616 0.08052884615384616 0.06850961538461539
4 0.6514423076923077 0.8870192307692307 0.06971153846153846 0.078125
4 0.7860576923076923 0.9230769230769231 0.05889423076923077 0.125
4 0.8569711538461539 0.9314903846153846 0.0733173076923077 0.08774038461538461
4 0.453125 0.9362980769230769 0.039663461538461536 0.10817307692307693
4 0.5132211538461539 0.9471153846153846 0.07572115384615384 0.10096153846153846
4 0.14423076923076922 0.9507211538461539 0.08533653846153846 0.06370192307692307
4 0.16466346153846154 0.12379807692307693 0.07211538461538461 0.09615384615384616
4 0.3762019230769231 0.1310096153846154 0.07572115384615384 0.08533653846153846
4 0.8509615384615384 0.14783653846153846 0.03245192307692308 0.08533653846153846
4 0.44471153846153844 0.1622596153846154 0.08173076923076923 0.06370192307692307
4 0.921875 0.1658653846153846 0.08173076923076923 0.1201923076923077
4 0.6778846153846154 0.18870192307692307 0.0625 0.11778846153846154
4 0.8076923076923077 0.19951923076923078 0.052884615384615384 0.11538461538461539
4 0.9711538461538461 0.2283653846153846 0.055288461538461536 0.04927884615384615
4 0.5120192307692307 0.234375 0.0625 0.11057692307692307
