4 0.41947115384615385 0.3112980769230769 0.03485576923076923 0.054086538461538464
4 0.6021634615384616 0.3245192307692308 0.03125 0.056490384615384616
4 0.47596153846153844 0.3786057692307692 0.042067307692307696 0.056490384615384616
4 0.6033653846153846 0.3798076923076923 0.03245192307692308 0.04447115384615385
4 0.2824519230769231 0.43149038461538464 0.036057692307692304 0.051682692307692304
4 0.6430288461538461 0.4387019230769231 0.027644230769230768 0.054086538461538464
4 0.35336538461538464 0.44471153846153844 0.039663461538461536 0.051682692307692304
4 0.6995192307692307 0.5408653846153846 0.036057692307692304 0.051682692307692304
4 0.3329326923076923 0.5504807692307693 0.028846153846153848 0.06129807692307692
4 0.27524038461538464 0.5528846153846154 0.027644230769230768 0.06129807692307692
4 0.7211538461538461 0.5997596153846154 0.040865384615384616 0.06610576923076923
4 0.27163461538461536 0.6574519230769231 0.027644230769230768 0.05889423076923077
4 0.5588942307692307 0.6670673076923077 0.042067307692307696 0.06370192307692307
4 0.19471153846153846 0.6935096153846154 0.039663461538461536 0.039663461538461536
4 0.1971153846153846 0.7355769230769231 0.036057692307692304 0.06370192307692307
4 0.3401442307692308 0.7391826923076923 0.03245192307692308 0.06129807692307692
4 0.7668269230769231 0.7536057692307693 0.037259615384615384 0.056490384615384616
4 0.16706730769230768 0.7608173076923077 0.03125 0.046875
4 0.5144230769230769 0.7608173076923077 0.04447115384615385 0.06129807692307692
4 0.8197115384615384 0.8197115384615384 0.037259615384615384 0.06129807692307692
4 0.34615384615384615 0.8209134615384616 0.028846153846153848 0.06370192307692307
4 0.9350961538461539 0.8221153846153846 0.021634615384615384 0.06129807692307692
4 0.5745192307692307 0.8413461538461539 0.04447115384615385 0.06610576923076923
4 0.44711538461538464 0.8425480769230769 0.03485576923076923 0.06850961538461539
