4 0.4831730769230769 0.3870192307692308 0.0673076923076923 0.08774038461538461
4 0.5625 0.5120192307692307 0.06009615384615385 0.06850961538461539
4 0.44711538461538464 0.5240384615384616 0.06370192307692307 0.06370192307692307
4 0.2620192307692308 0.546875 0.037259615384615384 0.09254807692307693
4 0.8810096153846154 0.6153846153846154 0.039663461538461536 0.10336538461538461
4 0.47836538461538464 0.6189903846153846 0.0625 0.10096153846153846
4 0.7632211538461539 0.6730769230769231 0.06490384615384616 0.09615384615384616
4 0.453125 0.7007211538461539 0.057692307692307696 0.09254807692307693
4 0.21514423076923078 0.703125 0.04927884615384615 0.10336538461538461
4 0.3894230769230769 0.7367788461538461 0.04447115384615385 0.09014423076923077
4 0.33413461538461536 0.7391826923076923 0.0673076923076923 0.08052884615384616
4 0.6694711538461539 0.7512019230769231 0.039663461538461536 0.09014423076923077
4 0.5264423076923077 0.8557692307692307 0.0673076923076923 0.08774038461538461
