4 0.8197115384615384 0.027644230769230768 0.040865384615384616 0.055288461538461536
4 0.8942307692307693 0.4675480769230769 0.03485576923076923 0.0625
4 0.5913461538461539 0.5264423076923077 0.042067307692307696 0.06490384615384616
4 0.23197115384615385 0.5336538461538461 0.06490384615384616 0.055288461538461536
4 0.41947115384615385 0.5649038461538461 0.06850961538461539 0.08173076923076923
4 0.2764423076923077 0.6490384615384616 0.052884615384615384 0.09254807692307693
4 0.515625 0.7127403846153846 0.057692307692307696 0.07932692307692307
4 0.0985576923076923 0.7596153846153846 0.06490384615384616 0.0673076923076923
4 0.2644230769230769 0.8269230769230769 0.06971153846153846 0.10697115384615384
4 0.6490384615384616 0.8617788461538461 0.0625 0.10216346153846154
4 0.7319711538461539 0.8810096153846154 0.052884615384615384 0.10216346153846154
4 0.28365384615384615 0.9014423076923077 0.057692307692307696 0.09254807692307693
4 0.21394230769230768 0.12139423076923077 0.052884615384615384 0.07692307692307693
4 0.41225961538461536 0.18028846153846154 0.06490384615384616 0.10216346153846154
4 0.18389423076923078 0.203125 0.06370192307692307 0.0625
4 0.9711538461538461 0.21033653846153846 0.054086538461538464 0.07211538461538461
4 0.46153846153846156 0.22956730769230768 0.06009615384615385 0.07932692307692307
