4 0.8365384615384616 0.23557692307692307 0.02283653846153846 0.09735576923076923
4 0.16346153846153846 0.2620192307692308 0.026442307692307692 0.07692307692307693
4 0.3545673076923077 0.26322115384615385 0.07572115384615384 0.0889423076923077
4 0.09615384615384616 0.2764423076923077 0.06971153846153846 0.1045673076923077
4 0.6598557692307693 0.29927884615384615 0.055288461538461536 0.07692307692307693
4 0.18509615384615385 0.30408653846153844 0.026442307692307692 0.08653846153846154
4 0.020432692307692308 0.3173076923076923 0.040865384615384616 0.06009615384615385
4 0.7307692307692307 0.3173076923076923 0.06850961538461539 0.06009615384615385
4 0.5012019230769231 0.03365384615384615 0.07572115384615384 0.0673076923076923
4 0.8425480769230769 0.3269230769230769 0.057692307692307696 0.09375
4 0.30528846153846156 0.3269230769230769 0.037259615384615384 0.1045673076923077
4 0.6081730769230769 0.3269230769230769 0.057692307692307696 0.0673076923076923
4 0.8990384615384616 0.35096153846153844 0.037259615384615384 0.09615384615384616
4 0.14182692307692307 0.3581730769230769 0.06370192307692307 0.109375
4 0.7716346153846154 0.359375 0.06971153846153846 0.06490384615384616
4 0.203125 0.037259615384615384 0.04567307692307692 0.07451923076923077
4 0.4326923076923077 0.3737980769230769 0.02283653846153846 0.1045673076923077
4 0.33533653846153844 0.38341346153846156 0.026442307692307692 0.09975961538461539
4 0.6622596153846154 0.39903846153846156 0.057692307692307696 0.10697115384615384
4 0.390625 0.41947115384615385 0.07572115384615384 0.11177884615384616
4 0.8028846153846154 0.41947115384615385 0.055288461538461536 0.10697115384615384
4 0.5600961538461539 0.42427884615384615 0.0625 0.10697115384615384
4 0.2536057692307692 0.44711538461538464 0.07572115384615384 0.09735576923076923
4 0.9639423076923077 0.453125 0.06850961538461539 0.1141826923076923
4 0.421875 0.04807692307692308 0.04447115384615385 0.09615384615384616
4 0.4519230769230769 0.46634615384615385 0.08052884615384616 0.037259615384615384
4 0.7439903846153846 0.4807692307692308 0.042067307692307696 0.06490384615384616
4 0.11538461538461539 0.4807692307692308 0.057692307692307696 0.1045673076923077
4 0.6105769230769231 0.48197115384615385 0.02283653846153846 0.10697115384615384
4 0.17548076923076922 0.4855769230769231 0.0733173076923077 0.054086538461538464
4 0.31971153846153844 0.4963942307692308 0.06850961538461539 0.06490384615384616
4 0.49759615384615385 0.5108173076923077 0.06370192307692307 0.03245192307692308
4 0.8762019230769231 0.5384615384615384 0.021634615384615384 0.09735576923076923
4 0.24639423076923078 0.5444711538461539 0.06850961538461539 0.09615384615384616
4 0.5841346153846154 0.5444711538461539 0.05048076923076923 0.09975961538461539
4 0.3918269230769231 0.5480769230769231 0.0733173076923077 0.10216346153846154
4 0.046875 0.5528846153846154 0.06971153846153846 0.042067307692307696
4 0.8665865384615384 0.057692307692307696 0.037259615384615384 0.08173076923076923
4 0.6478365384615384 0.5625 0.0673076923076923 0.1045673076923077
4 0.29927884615384615 0.5805288461538461 0.03245192307692308 0.10216346153846154
4 0.7536057692307693 0.05889423076923077 0.046875 0.08653846153846154
4 0.10817307692307693 0.6105769230769231 0.07211538461538461 0.037259615384615384
4 0.578125 0.6225961538461539 0.06971153846153846 0.06490384615384616
4 0.2608173076923077 0.6334134615384616 0.03485576923076923 0.08173076923076923
4 0.49158653846153844 0.6370192307692307 0.052884615384615384 0.07211538461538461
4 0.671875 0.6430288461538461 0.06370192307692307 0.10216346153846154
4 0.7379807692307693 0.6466346153846154 0.06370192307692307 0.03485576923076923
4 0.8665865384615384 0.65625 0.07572115384615384 0.109375
4 0.18269230769230768 0.6670673076923077 0.0673076923076923 0.037259615384615384
4 0.41225961538461536 0.6814903846153846 0.0625 0.0673076923076923
4 0.4579326923076923 0.6911057692307693 0.019230769230769232 0.08653846153846154
4 0.9314903846153846 0.6911057692307693 0.05889423076923077 0.030048076923076924
4 0.26802884615384615 0.7043269230769231 0.028846153846153848 0.07932692307692307
4 0.021634615384615384 0.7295673076923077 0.042067307692307696 0.051682692307692304
4 0.16706730769230768 0.734375 0.06370192307692307 0.056490384615384616
4 0.06009615384615385 0.7512019230769231 0.054086538461538464 0.08173076923076923
4 0.828125 0.7596153846153846 0.036057692307692304 0.08413461538461539
4 0.49158653846153844 0.765625 0.06971153846153846 0.09615384615384616
4 0.5733173076923077 0.765625 0.078125 0.04927884615384615
4 0.9098557692307693 0.7716346153846154 0.052884615384615384 0.07932692307692307
4 0.9651442307692307 0.7740384615384616 0.0673076923076923 0.06490384615384616
4 0.11298076923076923 0.7776442307692307 0.05889423076923077 0.09134615384615384
4 0.7992788461538461 0.07932692307692307 0.03485576923076923 0.0889423076923077
4 0.3173076923076923 0.8293269230769231 0.0733173076923077 0.056490384615384616
4 0.03485576923076923 0.8329326923076923 0.0673076923076923 0.03485576923076923
4 0.5685096153846154 0.8377403846153846 0.07572115384615384 0.09615384615384616
4 0.6502403846153846 0.8413461538461539 0.07211538461538461 0.07451923076923077
4 0.8798076923076923 0.84375 0.06370192307692307 0.06490384615384616
4 0.4879807692307692 0.8497596153846154 0.06009615384615385 0.07692307692307693
4 0.38100961538461536 0.8509615384615384 0.03125 0.06009615384615385
4 0.7091346153846154 0.8605769230769231 0.055288461538461536 0.09735576923076923
4 0.27403846153846156 0.8641826923076923 0.07572115384615384 0.0625
4 0.8329326923076923 0.8737980769230769 0.06009615384615385 0.06490384615384616
4 0.125 0.875 0.06370192307692307 0.08173076923076923
4 0.6033653846153846 0.8966346153846154 0.04567307692307692 0.0625
4 0.8016826923076923 0.9278846153846154 0.02403846153846154 0.09735576923076923
4 0.2800480769230769 0.9507211538461539 0.046875 0.09375
4 0.21875 0.9543269230769231 0.06850961538461539 0.08653846153846154
4 0.125 0.9543269230769231 0.057692307692307696 0.08653846153846154
4 0.39903846153846156 0.9555288461538461 0.028846153846153848 0.08413461538461539
4 0.7079326923076923 0.9567307692307693 0.057692307692307696 0.08173076923076923
4 0.6117788461538461 0.9579326923076923 0.03125 0.07932692307692307
4 0.3245192307692308 0.96875 0.06370192307692307 0.04447115384615385
4 0.6538461538461539 0.96875 0.055288461538461536 0.057692307692307696
4 0.7632211538461539 0.9771634615384616 0.07211538461538461 0.037259615384615384
4 0.10576923076923077 0.11658653846153846 0.07692307692307693 0.06009615384615385
4 0.328125 0.11899038461538461 0.07572115384615384 0.07451923076923077
4 0.6826923076923077 0.12980769230769232 0.0733173076923077 0.057692307692307696
4 0.39903846153846156 0.13822115384615385 0.0733173076923077 0.03485576923076923
4 0.24639423076923078 0.14903846153846154 0.07572115384615384 0.07451923076923077
4 0.609375 0.14903846153846154 0.026442307692307692 0.10697115384615384
4 0.7944711538461539 0.15384615384615385 0.03245192307692308 0.09375
4 0.6598557692307693 0.1814903846153846 0.06971153846153846 0.051682692307692304
4 0.3233173076923077 0.18389423076923078 0.0625 0.06009615384615385
4 0.8737980769230769 0.18870192307692307 0.03485576923076923 0.07932692307692307
4 0.9447115384615384 0.19831730769230768 0.0733173076923077 0.10216346153846154
4 0.4579326923076923 0.21153846153846154 0.0673076923076923 0.09975961538461539
4 0.19230769230769232 0.21634615384615385 0.02403846153846154 0.10697115384615384
