4 0.23798076923076922 0.32572115384615385 0.07211538461538461 0.09615384615384616
4 0.6334134615384616 0.37259615384615385 0.05889423076923077 0.11057692307692307
4 0.3076923076923077 0.40384615384615385 0.07692307692307693 0.08052884615384616
4 0.9302884615384616 0.4074519230769231 0.07572115384615384 0.05889423076923077
4 0.7463942307692307 0.4338942307692308 0.040865384615384616 0.10096153846153846
4 0.8305288461538461 0.46153846153846156 0.036057692307692304 0.09375
4 0.9735576923076923 0.4651442307692308 0.05048076923076923 0.09134615384615384
4 0.5276442307692307 0.04807692307692308 0.04567307692307692 0.09615384615384616
4 0.5096153846153846 0.5120192307692307 0.028846153846153848 0.07091346153846154
4 0.12620192307692307 0.5420673076923077 0.06971153846153846 0.046875
4 0.2692307692307692 0.07692307692307693 0.054086538461538464 0.06610576923076923
4 0.7632211538461539 0.7764423076923077 0.052884615384615384 0.0889423076923077
4 0.45072115384615385 0.7800480769230769 0.07211538461538461 0.06610576923076923
4 0.8605769230769231 0.7908653846153846 0.0673076923076923 0.0733173076923077
4 0.6574519230769231 0.8004807692307693 0.057692307692307696 0.078125
4 0.8870192307692307 0.8028846153846154 0.06009615384615385 0.08413461538461539
4 0.2644230769230769 0.8677884615384616 0.054086538461538464 0.0985576923076923
4 0.34134615384615385 0.8894230769230769 0.055288461538461536 0.12740384615384615
4 0.8197115384615384 0.8930288461538461 0.0829326923076923 0.08653846153846154
4 0.5480769230769231 0.9266826923076923 0.03485576923076923 0.11778846153846154
4 0.26802884615384615 0.9579326923076923 0.06850961538461539 0.078125
4 0.7427884615384616 0.11298076923076923 0.04447115384615385 0.08413461538461539
4 0.5673076923076923 0.12259615384615384 0.03485576923076923 0.13221153846153846
4 0.5817307692307693 0.018028846153846152 0.0673076923076923 0.036057692307692304
4 0.2644230769230769 0.20673076923076922 0.03125 0.0889423076923077
