4 0.6826923076923077 0.4639423076923077 0.037259615384615384 0.1466346153846154
4 0.2848557692307692 0.5685096153846154 0.03245192307692308 0.14182692307692307
4 0.6923076923076923 0.578125 0.036057692307692304 0.14182692307692307
4 0.328125 0.6310096153846154 0.04447115384615385 0.15985576923076922
4 0.6466346153846154 0.6394230769230769 0.04447115384615385 0.16947115384615385
4 0.20072115384615385 0.6706730769230769 0.03125 0.15985576923076922
4 0.7788461538461539 0.6826923076923077 0.03125 0.16466346153846154
4 0.2776442307692308 0.7115384615384616 0.05889423076923077 0.15144230769230768
4 0.6971153846153846 0.7199519230769231 0.0625 0.15144230769230768
4 0.3918269230769231 0.7331730769230769 0.06009615384615385 0.09735576923076923
4 0.8233173076923077 0.40625 0.042067307692307696 0.1466346153846154
