4 0.6334134615384616 0.4807692307692308 0.07211538461538461 0.11057692307692307
4 0.7319711538461539 0.49399038461538464 0.06490384615384616 0.10697115384615384
4 0.37259615384615385 0.4963942307692308 0.05889423076923077 0.10576923076923077
4 0.1971153846153846 0.5348557692307693 0.07211538461538461 0.10336538461538461
4 0.4567307692307692 0.6057692307692307 0.051682692307692304 0.109375
4 0.18509615384615385 0.609375 0.05048076923076923 0.10697115384615384
4 0.5949519230769231 0.6370192307692307 0.06850961538461539 0.109375
4 0.31850961538461536 0.6466346153846154 0.055288461538461536 0.09735576923076923
4 0.734375 0.6694711538461539 0.056490384615384616 0.109375
4 0.4182692307692308 0.7055288461538461 0.06850961538461539 0.1141826923076923
4 0.5552884615384616 0.7175480769230769 0.07451923076923077 0.0733173076923077
