4 0.4795673076923077 0.65625 0.0889423076923077 0.11778846153846154
4 0.4266826923076923 0.7019230769230769 0.05889423076923077 0.1201923076923077
4 0.6502403846153846 0.7680288461538461 0.07572115384615384 0.12620192307692307
4 0.16947115384615385 0.7992788461538461 0.08413461538461539 0.1346153846153846
4 0.24278846153846154 0.8185096153846154 0.05889423076923077 0.1346153846153846
4 0.5084134615384616 0.8389423076923077 0.07572115384615384 0.13942307692307693
4 0.4206730769230769 0.8557692307692307 0.09134615384615384 0.1310096153846154
4 0.8149038461538461 0.8569711538461539 0.08653846153846154 0.1141826923076923
4 0.7367788461538461 0.8689903846153846 0.09254807692307693 0.12379807692307693
4 0.5588942307692307 0.890625 0.09735576923076923 0.06971153846153846
