4 0.8173076923076923 0.296875 0.06490384615384616 0.06370192307692307
4 0.18870192307692307 0.3545673076923077 0.04447115384615385 0.09735576923076923
4 0.6754807692307693 0.4050480769230769 0.06971153846153846 0.051682692307692304
4 0.8762019230769231 0.43149038461538464 0.046875 0.09014423076923077
4 0.32211538461538464 0.44591346153846156 0.036057692307692304 0.09975961538461539
4 0.46153846153846156 0.5745192307692307 0.03485576923076923 0.11658653846153846
4 0.16947115384615385 0.5865384615384616 0.06370192307692307 0.0733173076923077
4 0.31971153846153844 0.6887019230769231 0.052884615384615384 0.08774038461538461
4 0.9338942307692307 0.6887019230769231 0.03485576923076923 0.09254807692307693
4 0.6502403846153846 0.6983173076923077 0.04567307692307692 0.09254807692307693
4 0.5697115384615384 0.8125 0.04927884615384615 0.08052884615384616
4 0.7668269230769231 0.8353365384615384 0.040865384615384616 0.09735576923076923
4 0.08653846153846154 0.8533653846153846 0.04567307692307692 0.08533653846153846
4 0.21514423076923078 0.09495192307692307 0.037259615384615384 0.09975961538461539
4 0.8533653846153846 0.125 0.03245192307692308 0.09735576923076923
4 0.9699519230769231 0.18629807692307693 0.04447115384615385 0.09735576923076923
4 0.28365384615384615 0.19110576923076922 0.04447115384615385 0.08774038461538461
4 0.5492788461538461 0.19951923076923078 0.06370192307692307 0.056490384615384616
