4 0.8689903846153846 0.23557692307692307 0.10336538461538461 0.15144230769230768
4 0.578125 0.265625 0.10336538461538461 0.13822115384615385
4 0.7824519230769231 0.28125 0.052884615384615384 0.12860576923076922
4 0.6454326923076923 0.3233173076923077 0.09495192307692307 0.1310096153846154
4 0.9579326923076923 0.3545673076923077 0.08052884615384616 0.15384615384615385
4 0.04447115384615385 0.3545673076923077 0.08774038461538461 0.11778846153846154
4 0.7451923076923077 0.41586538461538464 0.07572115384615384 0.10336538461538461
4 0.2439903846153846 0.49278846153846156 0.08653846153846154 0.09735576923076923
4 0.13701923076923078 0.5216346153846154 0.10096153846153846 0.10336538461538461
4 0.5132211538461539 0.5288461538461539 0.10817307692307693 0.09254807692307693
4 0.9170673076923077 0.5348557692307693 0.11298076923076923 0.15384615384615385
4 0.33653846153846156 0.5384615384615384 0.10817307692307693 0.1466346153846154
4 0.5288461538461539 0.6754807692307693 0.08052884615384616 0.12620192307692307
4 0.33533653846153844 0.06850961538461539 0.09615384615384616 0.06129807692307692
4 0.828125 0.6971153846153846 0.06971153846153846 0.10817307692307693
4 0.08052884615384616 0.7007211538461539 0.052884615384615384 0.08774038461538461
4 0.6153846153846154 0.7596153846153846 0.06370192307692307 0.1466346153846154
4 0.8401442307692307 0.8353365384615384 0.08774038461538461 0.14903846153846154
4 0.33774038461538464 0.8798076923076923 0.11057692307692307 0.09975961538461539
4 0.5240384615384616 0.8978365384615384 0.05889423076923077 0.09254807692307693
4 0.6418269230769231 0.9122596153846154 0.11057692307692307 0.10817307692307693
4 0.7307692307692307 0.9591346153846154 0.08173076923076923 0.07692307692307693
4 0.6057692307692307 0.12740384615384615 0.07572115384615384 0.11538461538461539
4 0.33052884615384615 0.15745192307692307 0.10576923076923077 0.0829326923076923
4 0.6622596153846154 0.20552884615384615 0.05889423076923077 0.11298076923076923
