4 0.6358173076923077 0.24879807692307693 0.056490384615384616 0.09495192307692307
4 0.53125 0.2668269230769231 0.04927884615384615 0.06610576923076923
4 0.3894230769230769 0.37259615384615385 0.07451923076923077 0.11057692307692307
4 0.8064903846153846 0.4519230769230769 0.039663461538461536 0.11298076923076923
4 0.9314903846153846 0.47115384615384615 0.08173076923076923 0.09134615384615384
4 0.3942307692307692 0.4855769230769231 0.03125 0.09134615384615384
4 0.7223557692307693 0.49278846153846156 0.04447115384615385 0.10216346153846154
4 0.21153846153846154 0.5168269230769231 0.07572115384615384 0.06850961538461539
4 0.5661057692307693 0.5396634615384616 0.0829326923076923 0.11298076923076923
4 0.6983173076923077 0.5949519230769231 0.07932692307692307 0.09975961538461539
4 0.35697115384615385 0.6009615384615384 0.05889423076923077 0.07572115384615384
4 0.5144230769230769 0.6057692307692307 0.07572115384615384 0.07211538461538461
4 0.3485576923076923 0.6274038461538461 0.06129807692307692 0.10336538461538461
4 0.12740384615384615 0.6658653846153846 0.055288461538461536 0.1141826923076923
4 0.5685096153846154 0.6694711538461539 0.04927884615384615 0.12259615384615384
4 0.43509615384615385 0.6935096153846154 0.06009615384615385 0.12259615384615384
4 0.6177884615384616 0.7139423076923077 0.06610576923076923 0.12139423076923077
4 0.3449519230769231 0.7223557692307693 0.0625 0.08774038461538461
