4 0.2283653846153846 0.2548076923076923 0.039663461538461536 0.14302884615384615
4 0.5396634615384616 0.28125 0.040865384615384616 0.12620192307692307
4 0.06971153846153846 0.29447115384615385 0.08533653846153846 0.13221153846153846
4 0.4230769230769231 0.4026442307692308 0.09014423076923077 0.078125
4 0.2776442307692308 0.49158653846153844 0.06370192307692307 0.16346153846153846
4 0.6454326923076923 0.5865384615384616 0.10576923076923077 0.06971153846153846
4 0.4483173076923077 0.5961538461538461 0.027644230769230768 0.15504807692307693
4 0.5913461538461539 0.06490384615384616 0.10576923076923077 0.09375
4 0.09975961538461539 0.671875 0.10817307692307693 0.13341346153846154
4 0.19951923076923078 0.6899038461538461 0.08533653846153846 0.13942307692307693
4 0.5829326923076923 0.7788461538461539 0.12740384615384615 0.056490384615384616
4 0.10336538461538461 0.7932692307692307 0.11778846153846154 0.1201923076923077
4 0.2764423076923077 0.9302884615384616 0.10817307692307693 0.13701923076923078
4 0.09254807692307693 0.9447115384615384 0.0985576923076923 0.10697115384615384
4 0.41346153846153844 0.15865384615384615 0.08774038461538461 0.1622596153846154
