4 0.5252403846153846 0.328125 0.0733173076923077 0.12620192307692307
4 0.9086538461538461 0.33653846153846156 0.042067307692307696 0.12980769230769232
4 0.8617788461538461 0.3786057692307692 0.09254807692307693 0.08413461538461539
4 0.3954326923076923 0.39663461538461536 0.042067307692307696 0.15264423076923078
4 0.9579326923076923 0.39783653846153844 0.08173076923076923 0.09014423076923077
4 0.4483173076923077 0.42427884615384615 0.06370192307692307 0.15504807692307693
4 0.19471153846153846 0.44711538461538464 0.078125 0.13581730769230768
4 0.055288461538461536 0.46634615384615385 0.06370192307692307 0.11658653846153846
4 0.31850961538461536 0.47836538461538464 0.07211538461538461 0.07091346153846154
4 0.8076923076923077 0.4951923076923077 0.04567307692307692 0.14903846153846154
4 0.5625 0.5096153846153846 0.07572115384615384 0.08774038461538461
4 0.12860576923076922 0.5216346153846154 0.07572115384615384 0.07091346153846154
4 0.6274038461538461 0.5420673076923077 0.078125 0.09975961538461539
4 0.2403846153846154 0.5637019230769231 0.052884615384615384 0.15504807692307693
4 0.4423076923076923 0.5697115384615384 0.05048076923076923 0.12259615384615384
4 0.7692307692307693 0.5841346153846154 0.08052884615384616 0.08052884615384616
4 0.625 0.6370192307692307 0.0673076923076923 0.11057692307692307
4 0.29927884615384615 0.6394230769230769 0.042067307692307696 0.14543269230769232
4 0.8257211538461539 0.671875 0.05889423076923077 0.13221153846153846
4 0.41225961538461536 0.6995192307692307 0.0733173076923077 0.13581730769230768
4 0.4735576923076923 0.7800480769230769 0.0625 0.11658653846153846
4 0.31850961538461536 0.8173076923076923 0.08173076923076923 0.13221153846153846
4 0.8461538461538461 0.8257211538461539 0.06971153846153846 0.1875
4 0.44711538461538464 0.875 0.06490384615384616 0.1201923076923077
4 0.9326923076923077 0.8930288461538461 0.04927884615384615 0.11658653846153846
4 0.8810096153846154 0.9002403846153846 0.04567307692307692 0.09735576923076923
4 0.8557692307692307 0.09375 0.0673076923076923 0.09014423076923077
4 0.5264423076923077 0.10576923076923077 0.06370192307692307 0.14543269230769232
4 0.7223557692307693 0.11538461538461539 0.0625 0.15264423076923078
4 0.4182692307692308 0.1310096153846154 0.04567307692307692 0.15264423076923078
4 0.17427884615384615 0.140625 0.04567307692307692 0.13942307692307693
4 0.9098557692307693 0.14783653846153846 0.042067307692307696 0.11298076923076923
4 0.10817307692307693 0.19110576923076922 0.08173076923076923 0.09014423076923077
4 0.052884615384615384 0.2091346153846154 0.037259615384615384 0.15264423076923078
4 0.8762019230769231 0.22596153846153846 0.037259615384615384 0.12980769230769232
4 0.46033653846153844 0.23798076923076922 0.036057692307692304 0.14543269230769232
4 0.6225961538461539 0.2668269230769231 0.039663461538461536 0.09975961538461539
4 0.21875 0.3161057692307692 0.055288461538461536 0.14543269230769232
