4 0.46274038461538464 0.2668269230769231 0.17307692307692307 0.2980769230769231
4 0.21754807692307693 0.3581730769230769 0.17307692307692307 0.25240384615384615
4 0.5673076923076923 0.4170673076923077 0.17427884615384615 0.25961538461538464
4 0.3425480769230769 0.45552884615384615 0.1814903846153846 0.2848557692307692
4 0.078125 0.5480769230769231 0.15504807692307693 0.29447115384615385
4 0.6081730769230769 0.6334134615384616 0.15985576923076922 0.24759615384615385
4 0.44471153846153844 0.6466346153846154 0.18990384615384615 0.2920673076923077
4 0.15384615384615385 0.7728365384615384 0.17427884615384615 0.28966346153846156
4 0.49399038461538464 0.8233173076923077 0.18509615384615385 0.25240384615384615
4 0.29927884615384615 0.8353365384615384 0.17668269230769232 0.2704326923076923
4 0.7992788461538461 0.8473557692307693 0.17307692307692307 0.28966346153846156
