4 0.4483173076923077 0.2548076923076923 0.04326923076923077 0.0829326923076923
4 0.31971153846153844 0.3317307692307692 0.051682692307692304 0.0733173076923077
4 0.6995192307692307 0.36899038461538464 0.05889423076923077 0.06610576923076923
4 0.2980769230769231 0.4182692307692308 0.04447115384615385 0.08653846153846154
4 0.25961538461538464 0.4375 0.027644230769230768 0.09014423076923077
4 0.5769230769230769 0.46875 0.04927884615384615 0.09014423076923077
4 0.7055288461538461 0.47475961538461536 0.037259615384615384 0.06009615384615385
4 0.47596153846153844 0.5324519230769231 0.06129807692307692 0.09014423076923077
4 0.22716346153846154 0.640625 0.039663461538461536 0.08052884615384616
4 0.6105769230769231 0.6766826923076923 0.052884615384615384 0.08413461538461539
4 0.7271634615384616 0.6814903846153846 0.037259615384615384 0.09615384615384616
4 0.35697115384615385 0.6826923076923077 0.06129807692307692 0.08653846153846154
4 0.4735576923076923 0.703125 0.06129807692307692 0.08413461538461539
4 0.6730769230769231 0.7463942307692307 0.05889423076923077 0.0829326923076923
4 0.3713942307692308 0.7752403846153846 0.06370192307692307 0.0829326923076923
