4 0.3870192307692308 0.2644230769230769 0.057692307692307696 0.0829326923076923
4 0.44471153846153844 0.2644230769230769 0.036057692307692304 0.0829326923076923
4 0.5552884615384616 0.27403846153846156 0.03485576923076923 0.078125
4 0.5661057692307693 0.33533653846153844 0.027644230769230768 0.0829326923076923
4 0.6490384615384616 0.36538461538461536 0.052884615384615384 0.10336538461538461
4 0.6923076923076923 0.375 0.04927884615384615 0.078125
4 0.42427884615384615 0.3954326923076923 0.052884615384615384 0.06129807692307692
4 0.21394230769230768 0.4423076923076923 0.042067307692307696 0.09615384615384616
4 0.38221153846153844 0.44591346153846156 0.052884615384615384 0.10817307692307693
4 0.34134615384615385 0.5 0.04567307692307692 0.11298076923076923
4 0.6875 0.5745192307692307 0.08052884615384616 0.11538461538461539
4 0.09615384615384616 0.5961538461538461 0.0733173076923077 0.10817307692307693
4 0.20793269230769232 0.6129807692307693 0.057692307692307696 0.10817307692307693
4 0.5805288461538461 0.6310096153846154 0.07211538461538461 0.10096153846153846
4 0.8149038461538461 0.6646634615384616 0.052884615384615384 0.11778846153846154
4 0.46875 0.7331730769230769 0.06490384615384616 0.12259615384615384
4 0.36778846153846156 0.7379807692307693 0.028846153846153848 0.13221153846153846
