4 0.5853365384615384 0.5444711538461539 0.10576923076923077 0.16706730769230768
4 0.4795673076923077 0.546875 0.10576923076923077 0.16706730769230768
4 0.7067307692307693 0.5564903846153846 0.10576923076923077 0.171875
4 0.8137019230769231 0.5625 0.1045673076923077 0.16466346153846154
4 0.3713942307692308 0.5649038461538461 0.11298076923076923 0.17908653846153846
4 0.8870192307692307 0.6754807692307693 0.1045673076923077 0.16947115384615385
4 0.453125 0.6875 0.10817307692307693 0.15985576923076922
4 0.34975961538461536 0.6935096153846154 0.0985576923076923 0.15745192307692307
4 0.7764423076923077 0.6935096153846154 0.11057692307692307 0.171875
4 0.5540865384615384 0.6947115384615384 0.11057692307692307 0.17908653846153846
4 0.6598557692307693 0.6983173076923077 0.109375 0.16706730769230768
4 0.2644230769230769 0.7223557692307693 0.11899038461538461 0.17908653846153846
