4 0.6274038461538461 0.2932692307692308 0.055288461538461536 0.08533653846153846
4 0.578125 0.29447115384615385 0.03125 0.08774038461538461
4 0.32572115384615385 0.296875 0.05048076923076923 0.04927884615384615
4 0.12379807692307693 0.3088942307692308 0.027644230769230768 0.06850961538461539
4 0.7536057692307693 0.3245192307692308 0.052884615384615384 0.08533653846153846
4 0.20673076923076922 0.3401442307692308 0.03485576923076923 0.0733173076923077
4 0.11538461538461539 0.375 0.03485576923076923 0.0733173076923077
4 0.037259615384615384 0.38341346153846156 0.046875 0.06129807692307692
4 0.7079326923076923 0.38461538461538464 0.037259615384615384 0.078125
4 0.8221153846153846 0.4014423076923077 0.03125 0.078125
4 0.546875 0.4254807692307692 0.04567307692307692 0.051682692307692304
4 0.7620192307692307 0.47115384615384615 0.03485576923076923 0.078125
4 0.4891826923076923 0.484375 0.05048076923076923 0.08533653846153846
4 0.7103365384615384 0.4855769230769231 0.04567307692307692 0.06850961538461539
4 0.6766826923076923 0.5360576923076923 0.05889423076923077 0.06610576923076923
4 0.9026442307692307 0.5612980769230769 0.021634615384615384 0.08774038461538461
4 0.7644230769230769 0.5637019230769231 0.04567307692307692 0.0829326923076923
4 0.8485576923076923 0.5997596153846154 0.040865384615384616 0.08052884615384616
4 0.796875 0.6153846153846154 0.055288461538461536 0.06370192307692307
4 0.22115384615384615 0.6514423076923077 0.05889423076923077 0.0733173076923077
4 0.7512019230769231 0.6790865384615384 0.039663461538461536 0.06370192307692307
4 0.734375 0.7307692307692307 0.054086538461538464 0.06850961538461539
4 0.3894230769230769 0.7932692307692307 0.027644230769230768 0.09014423076923077
4 0.6742788461538461 0.8641826923076923 0.02403846153846154 0.09615384615384616
4 0.8870192307692307 0.13701923076923078 0.05889423076923077 0.039663461538461536
