4 0.18028846153846154 0.20192307692307693 0.03485576923076923 0.10336538461538461
4 0.22596153846153846 0.20192307692307693 0.07091346153846154 0.08774038461538461
4 0.8701923076923077 0.20793269230769232 0.021634615384615384 0.08653846153846154
4 0.32091346153846156 0.21153846153846154 0.04447115384615385 0.09975961538461539
4 0.625 0.22235576923076922 0.05048076923076923 0.06610576923076923
4 0.5120192307692307 0.23798076923076922 0.051682692307692304 0.07932692307692307
4 0.9050480769230769 0.25841346153846156 0.06370192307692307 0.08413461538461539
4 0.5901442307692307 0.2608173076923077 0.054086538461538464 0.06009615384615385
4 0.6682692307692307 0.265625 0.05048076923076923 0.05048076923076923
4 0.2644230769230769 0.27283653846153844 0.05048076923076923 0.09134615384615384
4 0.4423076923076923 0.028846153846153848 0.057692307692307696 0.057692307692307696
4 0.9194711538461539 0.028846153846153848 0.06490384615384616 0.057692307692307696
4 0.20072115384615385 0.28846153846153844 0.06850961538461539 0.07692307692307693
4 0.6286057692307693 0.29927884615384615 0.027644230769230768 0.08052884615384616
4 0.3918269230769231 0.3016826923076923 0.06129807692307692 0.06610576923076923
4 0.09735576923076923 0.31009615384615385 0.04567307692307692 0.09615384615384616
4 0.6706730769230769 0.3125 0.0673076923076923 0.05048076923076923
4 0.8401442307692307 0.3125 0.0673076923076923 0.08052884615384616
4 0.9627403846153846 0.32211538461538464 0.07211538461538461 0.10697115384615384
4 0.7560096153846154 0.3233173076923077 0.036057692307692304 0.0733173076923077
4 0.3485576923076923 0.037259615384615384 0.07211538461538461 0.07451923076923077
4 0.23677884615384615 0.3762019230769231 0.054086538461538464 0.09134615384615384
4 0.40865384615384615 0.3798076923076923 0.06610576923076923 0.08413461538461539
4 0.056490384615384616 0.3870192307692308 0.057692307692307696 0.08774038461538461
4 0.9086538461538461 0.390625 0.0733173076923077 0.1141826923076923
4 0.12379807692307693 0.3954326923076923 0.0733173076923077 0.06009615384615385
4 0.3317307692307692 0.46153846153846156 0.07692307692307693 0.109375
4 0.47836538461538464 0.46634615384615385 0.028846153846153848 0.07692307692307693
4 0.21153846153846154 0.4855769230769231 0.055288461538461536 0.0733173076923077
4 0.9326923076923077 0.49038461538461536 0.06490384615384616 0.08413461538461539
4 0.5564903846153846 0.051682692307692304 0.06490384615384616 0.0733173076923077
4 0.26322115384615385 0.5096153846153846 0.04927884615384615 0.05048076923076923
4 0.6742788461538461 0.515625 0.06370192307692307 0.0829326923076923
4 0.12620192307692307 0.5336538461538461 0.07211538461538461 0.10336538461538461
4 0.7932692307692307 0.054086538461538464 0.051682692307692304 0.056490384615384616
4 0.06129807692307692 0.5649038461538461 0.057692307692307696 0.06370192307692307
4 0.7415865384615384 0.5661057692307693 0.06850961538461539 0.08413461538461539
4 0.8822115384615384 0.5661057692307693 0.0733173076923077 0.0733173076923077
4 0.8040865384615384 0.5673076923076923 0.0625 0.10336538461538461
4 0.4963942307692308 0.59375 0.040865384615384616 0.10697115384615384
4 0.18870192307692307 0.6009615384615384 0.0733173076923077 0.08774038461538461
4 0.671875 0.6105769230769231 0.056490384615384616 0.09615384615384616
4 0.7668269230769231 0.6310096153846154 0.06971153846153846 0.07692307692307693
4 0.2644230769230769 0.6322115384615384 0.07091346153846154 0.06009615384615385
4 0.09495192307692307 0.6754807692307693 0.06009615384615385 0.0673076923076923
4 0.14783653846153846 0.6826923076923077 0.05889423076923077 0.0829326923076923
4 0.5901442307692307 0.7019230769230769 0.055288461538461536 0.109375
4 0.7716346153846154 0.7103365384615384 0.06009615384615385 0.11057692307692307
4 0.6574519230769231 0.7283653846153846 0.04447115384615385 0.10336538461538461
4 0.3076923076923077 0.7307692307692307 0.06490384615384616 0.09615384615384616
4 0.23076923076923078 0.7415865384615384 0.05048076923076923 0.08413461538461539
4 0.8689903846153846 0.7415865384615384 0.0673076923076923 0.046875
4 0.5228365384615384 0.7608173076923077 0.07932692307692307 0.11778846153846154
4 0.9375 0.7692307692307693 0.07692307692307693 0.109375
4 0.3942307692307692 0.8028846153846154 0.07451923076923077 0.052884615384615384
4 0.27884615384615385 0.8317307692307693 0.07091346153846154 0.10336538461538461
4 0.6334134615384616 0.8317307692307693 0.06009615384615385 0.08774038461538461
4 0.7848557692307693 0.8521634615384616 0.08173076923076923 0.11778846153846154
4 0.8725961538461539 0.8822115384615384 0.0625 0.054086538461538464
4 0.4891826923076923 0.8834134615384616 0.056490384615384616 0.07091346153846154
4 0.8521634615384616 0.09134615384615384 0.05889423076923077 0.09975961538461539
4 0.5432692307692307 0.9122596153846154 0.052884615384615384 0.09014423076923077
4 0.6358173076923077 0.9170673076923077 0.04807692307692308 0.09615384615384616
4 0.18870192307692307 0.9507211538461539 0.06850961538461539 0.08052884615384616
4 0.8954326923076923 0.9507211538461539 0.07692307692307693 0.09615384615384616
4 0.9086538461538461 0.10817307692307693 0.055288461538461536 0.09615384615384616
4 0.14423076923076922 0.125 0.042067307692307696 0.11057692307692307
4 0.5096153846153846 0.1310096153846154 0.0625 0.1045673076923077
4 0.9723557692307693 0.1466346153846154 0.052884615384615384 0.09375
4 0.3485576923076923 0.14783653846153846 0.056490384615384616 0.0733173076923077
4 0.6923076923076923 0.15144230769230768 0.06129807692307692 0.04326923076923077
4 0.4423076923076923 0.15745192307692307 0.03365384615384615 0.109375
4 0.75 0.18629807692307693 0.0625 0.09375
