4 0.6322115384615384 0.34615384615384615 0.06009615384615385 0.08774038461538461
4 0.47596153846153844 0.35216346153846156 0.06129807692307692 0.08413461538461539
4 0.2548076923076923 0.39302884615384615 0.028846153846153848 0.09134615384615384
4 0.18990384615384615 0.41947115384615385 0.06610576923076923 0.09615384615384616
4 0.41586538461538464 0.4326923076923077 0.06370192307692307 0.09134615384615384
4 0.5841346153846154 0.4423076923076923 0.06370192307692307 0.052884615384615384
4 0.7043269230769231 0.4675480769230769 0.06129807692307692 0.09735576923076923
4 0.5384615384615384 0.4699519230769231 0.056490384615384616 0.06610576923076923
4 0.8641826923076923 0.47716346153846156 0.028846153846153848 0.09615384615384616
4 0.10817307692307693 0.5204326923076923 0.02403846153846154 0.09975961538461539
4 0.8365384615384616 0.5276442307692307 0.036057692307692304 0.08774038461538461
4 0.13701923076923078 0.5757211538461539 0.03245192307692308 0.09735576923076923
4 0.3125 0.578125 0.030048076923076924 0.09375
4 0.6358173076923077 0.5805288461538461 0.05048076923076923 0.09975961538461539
4 0.4026442307692308 0.6009615384615384 0.06129807692307692 0.0829326923076923
4 0.4387019230769231 0.6129807692307693 0.036057692307692304 0.08413461538461539
4 0.6947115384615384 0.6298076923076923 0.055288461538461536 0.0829326923076923
4 0.2848557692307692 0.6574519230769231 0.06971153846153846 0.054086538461538464
4 0.18389423076923078 0.6742788461538461 0.06009615384615385 0.0733173076923077
4 0.3870192307692308 0.7103365384615384 0.06009615384615385 0.0733173076923077
4 0.3004807692307692 0.7127403846153846 0.037259615384615384 0.10096153846153846
4 0.5961538461538461 0.7163461538461539 0.06009615384615385 0.04326923076923077
4 0.4423076923076923 0.7283653846153846 0.056490384615384616 0.0733173076923077
4 0.7668269230769231 0.7307692307692307 0.039663461538461536 0.09975961538461539
4 0.6394230769230769 0.7451923076923077 0.051682692307692304 0.08052884615384616
4 0.7163461538461539 0.7632211538461539 0.051682692307692304 0.09134615384615384
4 0.47115384615384615 0.7896634615384616 0.06610576923076923 0.07451923076923077
4 0.40384615384615385 0.7992788461538461 0.06610576923076923 0.07091346153846154
