4 0.8100961538461539 0.19951923076923078 0.07692307692307693 0.12980769230769232
4 0.08774038461538461 0.30408653846153844 0.09735576923076923 0.15384615384615385
4 0.8942307692307693 0.3125 0.08774038461538461 0.14783653846153846
4 0.21394230769230768 0.34615384615384615 0.09375 0.14423076923076922
4 0.4230769230769231 0.042067307692307696 0.08173076923076923 0.08413461538461539
4 0.6298076923076923 0.42427884615384615 0.0733173076923077 0.1310096153846154
4 0.02283653846153846 0.46875 0.04447115384615385 0.12379807692307693
4 0.09735576923076923 0.5276442307692307 0.057692307692307696 0.12980769230769232
4 0.6274038461538461 0.055288461538461536 0.08774038461538461 0.11057692307692307
4 0.3293269230769231 0.5637019230769231 0.0829326923076923 0.12620192307692307
4 0.44591346153846156 0.6862980769230769 0.06490384615384616 0.12620192307692307
4 0.9158653846153846 0.0733173076923077 0.08413461538461539 0.10096153846153846
4 0.8004807692307693 0.08413461538461539 0.07091346153846154 0.109375
4 0.12620192307692307 0.9050480769230769 0.07692307692307693 0.08052884615384616
