4 0.3605769230769231 0.27163461538461536 0.04567307692307692 0.06370192307692307
4 0.4014423076923077 0.2824519230769231 0.04927884615384615 0.06370192307692307
4 0.31850961538461536 0.2920673076923077 0.028846153846153848 0.06850961538461539
4 0.6177884615384616 0.4170673076923077 0.04927884615384615 0.06850961538461539
4 0.7319711538461539 0.4230769230769231 0.03245192307692308 0.06610576923076923
4 0.4098557692307692 0.42788461538461536 0.04567307692307692 0.07572115384615384
4 0.7908653846153846 0.4326923076923077 0.04927884615384615 0.06129807692307692
4 0.35096153846153844 0.4675480769230769 0.05048076923076923 0.054086538461538464
4 0.20793269230769232 0.4891826923076923 0.026442307692307692 0.07091346153846154
4 0.6670673076923077 0.5612980769230769 0.04927884615384615 0.06850961538461539
4 0.30288461538461536 0.5829326923076923 0.04927884615384615 0.04927884615384615
4 0.546875 0.5949519230769231 0.027644230769230768 0.06610576923076923
4 0.24158653846153846 0.5973557692307693 0.028846153846153848 0.07091346153846154
4 0.6442307692307693 0.625 0.027644230769230768 0.06370192307692307
4 0.3605769230769231 0.6574519230769231 0.05048076923076923 0.06850961538461539
4 0.7740384615384616 0.6682692307692307 0.05048076923076923 0.06129807692307692
4 0.45552884615384615 0.6802884615384616 0.04927884615384615 0.07091346153846154
4 0.3762019230769231 0.7235576923076923 0.04447115384615385 0.054086538461538464
4 0.5300480769230769 0.7247596153846154 0.040865384615384616 0.042067307692307696
4 0.33774038461538464 0.7463942307692307 0.05048076923076923 0.056490384615384616
4 0.44350961538461536 0.7584134615384616 0.018028846153846152 0.07572115384615384
4 0.29927884615384615 0.7992788461538461 0.026442307692307692 0.0733173076923077
4 0.578125 0.8040865384615384 0.05048076923076923 0.06370192307692307
4 0.4723557692307692 0.23076923076923078 0.028846153846153848 0.06610576923076923
