4 0.42788461538461536 0.20072115384615385 0.04447115384615385 0.07091346153846154
4 0.34615384615384615 0.20673076923076922 0.05889423076923077 0.08774038461538461
4 0.17908653846153846 0.22716346153846154 0.0625 0.04927884615384615
4 0.7439903846153846 0.22956730769230768 0.039663461538461536 0.08774038461538461
4 0.3713942307692308 0.23918269230769232 0.040865384615384616 0.08413461538461539
4 0.05889423076923077 0.2403846153846154 0.040865384615384616 0.0829326923076923
4 0.1346153846153846 0.26322115384615385 0.05889423076923077 0.054086538461538464
4 0.6670673076923077 0.26322115384615385 0.057692307692307696 0.08052884615384616
4 0.28125 0.2644230769230769 0.055288461538461536 0.052884615384615384
4 0.6009615384615384 0.28966346153846156 0.054086538461538464 0.06610576923076923
4 0.5661057692307693 0.3088942307692308 0.056490384615384616 0.08413461538461539
4 0.29447115384615385 0.3137019230769231 0.05889423076923077 0.06009615384615385
4 0.35336538461538464 0.03365384615384615 0.0625 0.0673076923076923
4 0.5036057692307693 0.3401442307692308 0.037259615384615384 0.08774038461538461
4 0.25841346153846156 0.36658653846153844 0.06009615384615385 0.06971153846153846
4 0.8605769230769231 0.038461538461538464 0.042067307692307696 0.06971153846153846
4 0.20552884615384615 0.39302884615384615 0.054086538461538464 0.057692307692307696
4 0.7247596153846154 0.040865384615384616 0.056490384615384616 0.0625
4 0.6286057692307693 0.3942307692307692 0.06129807692307692 0.07932692307692307
4 0.5829326923076923 0.4014423076923077 0.04447115384615385 0.07451923076923077
4 0.484375 0.4050480769230769 0.056490384615384616 0.0829326923076923
4 0.625 0.042067307692307696 0.05048076923076923 0.0733173076923077
4 0.7524038461538461 0.4182692307692308 0.040865384615384616 0.06370192307692307
4 0.2860576923076923 0.42908653846153844 0.06009615384615385 0.06370192307692307
4 0.1778846153846154 0.046875 0.04447115384615385 0.07451923076923077
4 0.39663461538461536 0.47596153846153844 0.05889423076923077 0.0625
4 0.07692307692307693 0.48677884615384615 0.04567307692307692 0.0733173076923077
4 0.5576923076923077 0.04927884615384615 0.04447115384615385 0.07091346153846154
4 0.9242788461538461 0.5 0.04567307692307692 0.0733173076923077
4 0.3329326923076923 0.5132211538461539 0.051682692307692304 0.07692307692307693
4 0.7223557692307693 0.5132211538461539 0.05889423076923077 0.08774038461538461
4 0.18269230769230768 0.5144230769230769 0.05889423076923077 0.08052884615384616
4 0.6694711538461539 0.5216346153846154 0.051682692307692304 0.07091346153846154
4 0.9771634615384616 0.5276442307692307 0.04326923076923077 0.06971153846153846
4 0.03485576923076923 0.054086538461538464 0.039663461538461536 0.0829326923076923
4 0.6346153846153846 0.5492788461538461 0.04927884615384615 0.06610576923076923
4 0.8004807692307693 0.5492788461538461 0.04326923076923077 0.08413461538461539
4 0.46274038461538464 0.5576923076923077 0.057692307692307696 0.056490384615384616
4 0.5396634615384616 0.5661057692307693 0.042067307692307696 0.08413461538461539
4 0.8497596153846154 0.5757211538461539 0.054086538461538464 0.0673076923076923
4 0.7103365384615384 0.5901442307692307 0.06129807692307692 0.08774038461538461
4 0.020432692307692308 0.6045673076923077 0.039663461538461536 0.0733173076923077
4 0.4831730769230769 0.609375 0.06009615384615385 0.05048076923076923
4 0.5805288461538461 0.6165865384615384 0.04927884615384615 0.06610576923076923
4 0.11899038461538461 0.6225961538461539 0.057692307692307696 0.056490384615384616
4 0.39302884615384615 0.6262019230769231 0.037259615384615384 0.09014423076923077
4 0.9771634615384616 0.6262019230769231 0.036057692307692304 0.09014423076923077
4 0.42908653846153844 0.6430288461538461 0.038461538461538464 0.08653846153846154
4 0.2764423076923077 0.6574519230769231 0.04807692307692308 0.0625
4 0.7247596153846154 0.6694711538461539 0.054086538461538464 0.07451923076923077
4 0.6358173076923077 0.6899038461538461 0.051682692307692304 0.06971153846153846
4 0.06610576923076923 0.6983173076923077 0.05048076923076923 0.06610576923076923
4 0.40865384615384615 0.7211538461538461 0.05048076923076923 0.08052884615384616
4 0.484375 0.07572115384615384 0.04927884615384615 0.08774038461538461
4 0.8473557692307693 0.75 0.028846153846153848 0.09014423076923077
4 0.12980769230769232 0.7560096153846154 0.057692307692307696 0.09014423076923077
4 0.18389423076923078 0.7560096153846154 0.052884615384615384 0.06009615384615385
4 0.06370192307692307 0.765625 0.042067307692307696 0.06370192307692307
4 0.6117788461538461 0.8052884615384616 0.052884615384615384 0.06370192307692307
4 0.44591346153846156 0.8257211538461539 0.056490384615384616 0.06009615384615385
4 0.3112980769230769 0.8377403846153846 0.036057692307692304 0.07692307692307693
4 0.9411057692307693 0.8509615384615384 0.04447115384615385 0.08774038461538461
4 0.03485576923076923 0.8581730769230769 0.04807692307692308 0.06971153846153846
4 0.7680288461538461 0.8653846153846154 0.06129807692307692 0.06009615384615385
4 0.43990384615384615 0.09615384615384616 0.04927884615384615 0.07692307692307693
4 0.17307692307692307 0.9639423076923077 0.04927884615384615 0.06971153846153846
4 0.05048076923076923 0.12620192307692307 0.055288461538461536 0.054086538461538464
4 0.8449519230769231 0.12980769230769232 0.052884615384615384 0.06009615384615385
4 0.7896634615384616 0.1310096153846154 0.04567307692307692 0.07451923076923077
4 0.16706730769230768 0.13942307692307693 0.06009615384615385 0.06610576923076923
4 0.3161057692307692 0.14302884615384615 0.04807692307692308 0.08774038461538461
4 0.39783653846153844 0.1814903846153846 0.042067307692307696 0.08413461538461539
