4 0.3954326923076923 0.46875 0.039663461538461536 0.08653846153846154
4 0.25240384615384615 0.4963942307692308 0.04807692307692308 0.0829326923076923
4 0.27403846153846156 0.5492788461538461 0.03245192307692308 0.054086538461538464
4 0.3629807692307692 0.5949519230769231 0.0625 0.09254807692307693
4 0.46033653846153844 0.5973557692307693 0.051682692307692304 0.09014423076923077
4 0.5673076923076923 0.6009615384615384 0.04807692307692308 0.07932692307692307
4 0.7199519230769231 0.6418269230769231 0.042067307692307696 0.07091346153846154
4 0.6802884615384616 0.6430288461538461 0.040865384615384616 0.08653846153846154
4 0.3076923076923077 0.6935096153846154 0.06129807692307692 0.0829326923076923
4 0.35697115384615385 0.7307692307692307 0.06129807692307692 0.08533653846153846
4 0.609375 0.7632211538461539 0.06129807692307692 0.0829326923076923
4 0.7007211538461539 0.7632211538461539 0.06490384615384616 0.08653846153846154
4 0.5456730769230769 0.7704326923076923 0.06129807692307692 0.0889423076923077
4 0.37259615384615385 0.7776442307692307 0.039663461538461536 0.09254807692307693
