4 0.46634615384615385 0.19591346153846154 0.039663461538461536 0.12379807692307693
4 0.16105769230769232 0.21514423076923078 0.07091346153846154 0.09735576923076923
4 0.40865384615384615 0.24158653846153846 0.06490384615384616 0.08052884615384616
4 0.2776442307692308 0.25841346153846156 0.037259615384615384 0.08052884615384616
4 0.06009615384615385 0.30408653846153844 0.056490384615384616 0.0733173076923077
4 0.9338942307692307 0.03245192307692308 0.06971153846153846 0.06490384615384616
4 0.5048076923076923 0.33774038461538464 0.0733173076923077 0.0733173076923077
4 0.6358173076923077 0.34615384615384615 0.052884615384615384 0.0985576923076923
4 0.3713942307692308 0.036057692307692304 0.039663461538461536 0.07091346153846154
4 0.6021634615384616 0.4098557692307692 0.07451923076923077 0.09014423076923077
4 0.32211538461538464 0.41225961538461536 0.037259615384615384 0.07692307692307693
4 0.8605769230769231 0.41346153846153844 0.04927884615384615 0.08173076923076923
4 0.20793269230769232 0.43149038461538464 0.051682692307692304 0.1045673076923077
4 0.7728365384615384 0.44471153846153844 0.057692307692307696 0.08653846153846154
4 0.8846153846153846 0.47596153846153844 0.06370192307692307 0.09495192307692307
4 0.6826923076923077 0.5144230769230769 0.06370192307692307 0.09735576923076923
4 0.6069711538461539 0.056490384615384616 0.042067307692307696 0.11177884615384616
4 0.4338942307692308 0.6526442307692307 0.03485576923076923 0.11538461538461539
4 0.8641826923076923 0.6538461538461539 0.07451923076923077 0.04807692307692308
4 0.3293269230769231 0.671875 0.07211538461538461 0.09495192307692307
4 0.4639423076923077 0.06971153846153846 0.037259615384615384 0.06971153846153846
4 0.7235576923076923 0.7127403846153846 0.057692307692307696 0.08173076923076923
4 0.16826923076923078 0.7391826923076923 0.0625 0.0985576923076923
4 0.4254807692307692 0.7536057692307693 0.055288461538461536 0.06370192307692307
4 0.3112980769230769 0.7668269230769231 0.07091346153846154 0.08413461538461539
4 0.25961538461538464 0.7752403846153846 0.040865384615384616 0.08653846153846154
4 0.6923076923076923 0.8173076923076923 0.04447115384615385 0.12379807692307693
4 0.5288461538461539 0.8209134615384616 0.057692307692307696 0.08052884615384616
4 0.9182692307692307 0.8858173076923077 0.05889423076923077 0.0673076923076923
4 0.6454326923076923 0.9134615384615384 0.039663461538461536 0.1201923076923077
4 0.36177884615384615 0.9314903846153846 0.06009615384615385 0.11057692307692307
4 0.13701923076923078 0.9399038461538461 0.052884615384615384 0.06009615384615385
4 0.3269230769230769 0.11899038461538461 0.05048076923076923 0.08413461538461539
4 0.6334134615384616 0.12379807692307693 0.0625 0.10817307692307693
4 0.2644230769230769 0.140625 0.04326923076923077 0.07091346153846154
4 0.5132211538461539 0.1622596153846154 0.04927884615384615 0.057692307692307696
4 0.9567307692307693 0.17427884615384615 0.0673076923076923 0.08413461538461539
