4 0.6622596153846154 0.20432692307692307 0.06009615384615385 0.11177884615384616
4 0.8665865384615384 0.23798076923076922 0.10336538461538461 0.15384615384615385
4 0.578125 0.2644230769230769 0.10336538461538461 0.13822115384615385
4 0.7848557692307693 0.2848557692307692 0.04927884615384615 0.1310096153846154
4 0.6442307692307693 0.32211538461538464 0.0985576923076923 0.12980769230769232
4 0.04567307692307692 0.3473557692307692 0.08774038461538461 0.09975961538461539
4 0.9591346153846154 0.35216346153846156 0.08052884615384616 0.15144230769230768
4 0.7439903846153846 0.41586538461538464 0.0733173076923077 0.10576923076923077
4 0.24278846153846154 0.4987980769230769 0.08774038461538461 0.109375
4 0.5096153846153846 0.5264423076923077 0.10697115384615384 0.08653846153846154
4 0.9158653846153846 0.5348557692307693 0.11177884615384616 0.15384615384615385
4 0.33653846153846156 0.5360576923076923 0.10697115384615384 0.1466346153846154
4 0.5240384615384616 0.6754807692307693 0.07091346153846154 0.12740384615384615
4 0.8269230769230769 0.6971153846153846 0.07572115384615384 0.10576923076923077
4 0.33533653846153844 0.0733173076923077 0.0985576923076923 0.0673076923076923
4 0.6165865384615384 0.7596153846153846 0.06370192307692307 0.14903846153846154
4 0.8389423076923077 0.8329326923076923 0.08653846153846154 0.1466346153846154
4 0.33774038461538464 0.8822115384615384 0.11298076923076923 0.10576923076923077
4 0.6442307692307693 0.9122596153846154 0.11298076923076923 0.109375
4 0.7319711538461539 0.9579326923076923 0.08173076923076923 0.08173076923076923
4 0.6045673076923077 0.12860576923076922 0.0733173076923077 0.11899038461538461
4 0.33052884615384615 0.15384615384615385 0.11177884615384616 0.07932692307692307
