4 0.21634615384615385 0.29447115384615385 0.06370192307692307 0.10817307692307693
4 0.27884615384615385 0.3125 0.046875 0.11057692307692307
4 0.03245192307692308 0.3125 0.03245192307692308 0.1346153846153846
4 0.49158653846153844 0.3245192307692308 0.040865384615384616 0.13942307692307693
4 0.35096153846153844 0.3269230769230769 0.04927884615384615 0.06610576923076923
4 0.8557692307692307 0.3581730769230769 0.05889423076923077 0.10336538461538461
4 0.4375 0.375 0.028846153846153848 0.13221153846153846
4 0.16346153846153846 0.4050480769230769 0.039663461538461536 0.1346153846153846
4 0.3762019230769231 0.4074519230769231 0.0625 0.11298076923076923
4 0.5132211538461539 0.41586538461538464 0.055288461538461536 0.1201923076923077
4 0.44711538461538464 0.4639423076923077 0.07692307692307693 0.08533653846153846
4 0.21995192307692307 0.4891826923076923 0.037259615384615384 0.12980769230769232
4 0.6802884615384616 0.4963942307692308 0.0625 0.10576923076923077
4 0.5985576923076923 0.5865384615384616 0.0625 0.12980769230769232
4 0.4699519230769231 0.6694711538461539 0.057692307692307696 0.12740384615384615
4 0.2848557692307692 0.6742788461538461 0.07692307692307693 0.0829326923076923
4 0.4182692307692308 0.6935096153846154 0.042067307692307696 0.11298076923076923
4 0.14302884615384615 0.7391826923076923 0.03485576923076923 0.13942307692307693
4 0.3425480769230769 0.8185096153846154 0.05048076923076923 0.11298076923076923
4 0.25240384615384615 0.8221153846153846 0.06370192307692307 0.10096153846153846
4 0.45913461538461536 0.8557692307692307 0.06850961538461539 0.06370192307692307
4 0.34975961538461536 0.09134615384615384 0.08173076923076923 0.08052884615384616
4 0.5853365384615384 0.12740384615384615 0.03485576923076923 0.12259615384615384
4 0.6165865384615384 0.2127403846153846 0.06370192307692307 0.11778846153846154
4 0.6742788461538461 0.2283653846153846 0.054086538461538464 0.11778846153846154
4 0.49399038461538464 0.23197115384615385 0.046875 0.07572115384615384
