4 0.5865384615384616 0.27163461538461536 0.042067307692307696 0.0985576923076923
4 0.7439903846153846 0.3485576923076923 0.02283653846153846 0.10817307692307693
4 0.7007211538461539 0.40865384615384615 0.027644230769230768 0.10576923076923077
4 0.19591346153846154 0.49158653846153844 0.07211538461538461 0.0889423076923077
4 0.35216346153846156 0.5264423076923077 0.06971153846153846 0.09375
4 0.23557692307692307 0.5444711538461539 0.0625 0.07692307692307693
4 0.4855769230769231 0.6021634615384616 0.06370192307692307 0.06370192307692307
4 0.8329326923076923 0.6105769230769231 0.046875 0.09615384615384616
4 0.38461538461538464 0.6394230769230769 0.06370192307692307 0.09375
4 0.06490384615384616 0.8269230769230769 0.0733173076923077 0.09375
4 0.8725961538461539 0.8569711538461539 0.04927884615384615 0.10817307692307693
4 0.22235576923076922 0.8882211538461539 0.06850961538461539 0.046875
4 0.6442307692307693 0.10697115384615384 0.057692307692307696 0.07692307692307693
4 0.4170673076923077 0.14423076923076922 0.04567307692307692 0.11057692307692307
4 0.6838942307692307 0.1935096153846154 0.04447115384615385 0.09134615384615384
