4 0.07091346153846154 0.109375 0.037259615384615384 0.04326923076923077
4 0.8461538461538461 0.12860576923076922 0.040865384615384616 0.046875
4 0.7908653846153846 0.13341346153846154 0.042067307692307696 0.04567307692307692
4 0.7319711538461539 0.13701923076923078 0.042067307692307696 0.046875
4 0.5072115384615384 0.140625 0.04807692307692308 0.052884615384615384
4 0.6153846153846154 0.140625 0.042067307692307696 0.04567307692307692
4 0.6742788461538461 0.14182692307692307 0.042067307692307696 0.046875
4 0.2776442307692308 0.14182692307692307 0.039663461538461536 0.04567307692307692
4 0.2247596153846154 0.14543269230769232 0.038461538461538464 0.04447115384615385
4 0.4579326923076923 0.14543269230769232 0.04807692307692308 0.04927884615384615
4 0.5588942307692307 0.1466346153846154 0.04807692307692308 0.052884615384615384
4 0.40384615384615385 0.1502403846153846 0.046875 0.04927884615384615
4 0.16826923076923078 0.15264423076923078 0.039663461538461536 0.04447115384615385
4 0.35216346153846156 0.15264423076923078 0.046875 0.052884615384615384
4 0.056490384615384616 0.15264423076923078 0.039663461538461536 0.04447115384615385
4 0.10817307692307693 0.15985576923076922 0.039663461538461536 0.04567307692307692
4 0.796875 0.1971153846153846 0.042067307692307696 0.04807692307692308
4 0.859375 0.19831730769230768 0.042067307692307696 0.04567307692307692
4 0.7367788461538461 0.20793269230769232 0.042067307692307696 0.046875
4 0.5096153846153846 0.2091346153846154 0.04807692307692308 0.052884615384615384
4 0.6802884615384616 0.21033653846153846 0.042067307692307696 0.05048076923076923
4 0.4579326923076923 0.21153846153846154 0.04807692307692308 0.051682692307692304
4 0.6346153846153846 0.2127403846153846 0.042067307692307696 0.04807692307692308
4 0.40625 0.2127403846153846 0.04807692307692308 0.04927884615384615
4 0.2644230769230769 0.21394230769230768 0.042067307692307696 0.04807692307692308
4 0.21394230769230768 0.21514423076923078 0.040865384615384616 0.046875
4 0.11177884615384616 0.21634615384615385 0.042067307692307696 0.046875
4 0.5576923076923077 0.21754807692307693 0.04567307692307692 0.054086538461538464
4 0.359375 0.21875 0.046875 0.04807692307692308
4 0.15985576923076922 0.21875 0.039663461538461536 0.046875
4 0.7716346153846154 0.02403846153846154 0.039663461538461536 0.038461538461538464
4 0.05048076923076923 0.23677884615384615 0.042067307692307696 0.051682692307692304
4 0.6177884615384616 0.02403846153846154 0.039663461538461536 0.039663461538461536
4 0.71875 0.025240384615384616 0.040865384615384616 0.037259615384615384
4 0.8161057692307693 0.2620192307692308 0.04326923076923077 0.04927884615384615
4 0.6826923076923077 0.265625 0.042067307692307696 0.04927884615384615
4 0.7463942307692307 0.2704326923076923 0.04326923076923077 0.05048076923076923
4 0.6658653846153846 0.027644230769230768 0.039663461538461536 0.037259615384615384
4 0.8401442307692307 0.027644230769230768 0.03365384615384615 0.038461538461538464
4 0.8629807692307693 0.27283653846153844 0.042067307692307696 0.046875
4 0.21394230769230768 0.2764423076923077 0.042067307692307696 0.04927884615384615
4 0.4567307692307692 0.2764423076923077 0.046875 0.055288461538461536
4 0.1045673076923077 0.28125 0.042067307692307696 0.04927884615384615
4 0.5144230769230769 0.2824519230769231 0.04807692307692308 0.055288461538461536
4 0.5649038461538461 0.2824519230769231 0.04807692307692308 0.051682692307692304
4 0.4050480769230769 0.2824519230769231 0.04807692307692308 0.055288461538461536
4 0.2620192307692308 0.2860576923076923 0.040865384615384616 0.05048076923076923
4 0.6382211538461539 0.2860576923076923 0.04326923076923077 0.052884615384615384
4 0.15264423076923078 0.28846153846153844 0.042067307692307696 0.05048076923076923
4 0.04326923076923077 0.28966346153846156 0.042067307692307696 0.05048076923076923
4 0.35096153846153844 0.29086538461538464 0.04807692307692308 0.055288461538461536
4 0.8209134615384616 0.3317307692307692 0.04567307692307692 0.051682692307692304
4 0.23317307692307693 0.03365384615384615 0.039663461538461536 0.042067307692307696
4 0.7524038461538461 0.33774038461538464 0.04567307692307692 0.052884615384615384
4 0.453125 0.3389423076923077 0.04567307692307692 0.055288461538461536
4 0.4050480769230769 0.3425480769230769 0.04807692307692308 0.056490384615384616
4 0.5144230769230769 0.3425480769230769 0.04807692307692308 0.057692307692307696
4 0.5661057692307693 0.34615384615384615 0.046875 0.05889423076923077
4 0.35216346153846156 0.3473557692307692 0.046875 0.057692307692307696
4 0.6959134615384616 0.3485576923076923 0.04326923076923077 0.052884615384615384
4 0.6358173076923077 0.3485576923076923 0.04326923076923077 0.051682692307692304
4 0.2620192307692308 0.34975961538461536 0.04447115384615385 0.052884615384615384
4 0.08653846153846154 0.35336538461538464 0.04326923076923077 0.052884615384615384
4 0.875 0.3557692307692308 0.04447115384615385 0.046875
4 0.13942307692307693 0.3605769230769231 0.042067307692307696 0.052884615384615384
4 0.20192307692307693 0.3605769230769231 0.04326923076923077 0.052884615384615384
4 0.18389423076923078 0.036057692307692304 0.039663461538461536 0.039663461538461536
4 0.030048076923076924 0.36899038461538464 0.042067307692307696 0.052884615384615384
4 0.28365384615384615 0.039663461538461536 0.039663461538461536 0.04447115384615385
4 0.1310096153846154 0.040865384615384616 0.038461538461538464 0.04447115384615385
4 0.4014423076923077 0.4050480769230769 0.04807692307692308 0.05889423076923077
4 0.3485576923076923 0.4074519230769231 0.04807692307692308 0.05889423076923077
4 0.5120192307692307 0.40865384615384615 0.04807692307692308 0.06009615384615385
4 0.5685096153846154 0.40865384615384615 0.05048076923076923 0.06129807692307692
4 0.453125 0.4110576923076923 0.04807692307692308 0.06009615384615385
4 0.828125 0.4230769230769231 0.04447115384615385 0.056490384615384616
4 0.8822115384615384 0.4230769230769231 0.04326923076923077 0.054086538461538464
4 0.765625 0.4230769230769231 0.04447115384615385 0.052884615384615384
4 0.640625 0.4254807692307692 0.04447115384615385 0.052884615384615384
4 0.6959134615384616 0.42908653846153844 0.04326923076923077 0.054086538461538464
4 0.20072115384615385 0.43509615384615385 0.04326923076923077 0.054086538461538464
4 0.2644230769230769 0.4362980769230769 0.04326923076923077 0.052884615384615384
4 0.08173076923076923 0.43990384615384615 0.04326923076923077 0.056490384615384616
4 0.1310096153846154 0.4519230769230769 0.042067307692307696 0.055288461538461536
4 0.018028846153846152 0.4579326923076923 0.036057692307692304 0.055288461538461536
4 0.4567307692307692 0.4723557692307692 0.04927884615384615 0.06129807692307692
4 0.5721153846153846 0.47475961538461536 0.05048076923076923 0.06009615384615385
4 0.40384615384615385 0.47596153846153844 0.05048076923076923 0.06009615384615385
4 0.3449519230769231 0.47716346153846156 0.05048076923076923 0.0625
4 0.5132211538461539 0.47836538461538464 0.05048076923076923 0.0625
4 0.6466346153846154 0.5048076923076923 0.04326923076923077 0.052884615384615384
4 0.828125 0.5060096153846154 0.04567307692307692 0.056490384615384616
4 0.8966346153846154 0.5096153846153846 0.04447115384615385 0.054086538461538464
4 0.6983173076923077 0.5132211538461539 0.04567307692307692 0.057692307692307696
4 0.19951923076923078 0.515625 0.04447115384615385 0.057692307692307696
4 0.7704326923076923 0.5168269230769231 0.04807692307692308 0.06009615384615385
4 0.2608173076923077 0.5192307692307693 0.04567307692307692 0.05889423076923077
4 0.13942307692307693 0.5228365384615384 0.04326923076923077 0.056490384615384616
4 0.07211538461538461 0.5240384615384616 0.04567307692307692 0.057692307692307696
4 0.018028846153846152 0.5276442307692307 0.036057692307692304 0.056490384615384616
4 0.5793269230769231 0.5348557692307693 0.054086538461538464 0.06610576923076923
4 0.453125 0.5360576923076923 0.052884615384615384 0.0673076923076923
4 0.39663461538461536 0.5396634615384616 0.051682692307692304 0.06610576923076923
4 0.5216346153846154 0.5408653846153846 0.052884615384615384 0.06490384615384616
4 0.3401442307692308 0.5480769230769231 0.052884615384615384 0.06610576923076923
4 0.08052884615384616 0.056490384615384616 0.03485576923076923 0.04326923076923077
4 0.8966346153846154 0.5745192307692307 0.046875 0.052884615384615384
4 0.8317307692307693 0.5925480769230769 0.04567307692307692 0.06009615384615385
4 0.7776442307692307 0.5925480769230769 0.046875 0.05889423076923077
4 0.25240384615384615 0.59375 0.04567307692307692 0.05889423076923077
4 0.7139423076923077 0.5973557692307693 0.046875 0.06009615384615385
4 0.6430288461538461 0.5973557692307693 0.04326923076923077 0.06009615384615385
4 0.1346153846153846 0.6033653846153846 0.04567307692307692 0.05889423076923077
4 0.5108173076923077 0.6045673076923077 0.054086538461538464 0.06850961538461539
4 0.5769230769230769 0.6045673076923077 0.054086538461538464 0.06850961538461539
4 0.4519230769230769 0.6081730769230769 0.055288461538461536 0.07211538461538461
4 0.19230769230769232 0.609375 0.04447115384615385 0.06009615384615385
4 0.3858173076923077 0.609375 0.054086538461538464 0.07091346153846154
4 0.3293269230769231 0.6117788461538461 0.054086538461538464 0.07091346153846154
4 0.07091346153846154 0.6117788461538461 0.04447115384615385 0.05889423076923077
4 0.016826923076923076 0.6129807692307693 0.03365384615384615 0.06009615384615385
4 0.6754807692307693 0.06490384615384616 0.040865384615384616 0.04326923076923077
4 0.7896634615384616 0.06850961538461539 0.039663461538461536 0.04447115384615385
4 0.6538461538461539 0.6802884615384616 0.046875 0.06009615384615385
4 0.7115384615384616 0.6814903846153846 0.04567307692307692 0.04567307692307692
4 0.5204326923076923 0.6826923076923077 0.056490384615384616 0.07692307692307693
4 0.5793269230769231 0.6850961538461539 0.05889423076923077 0.07692307692307693
4 0.9170673076923077 0.6850961538461539 0.040865384615384616 0.054086538461538464
4 0.06490384615384616 0.6850961538461539 0.046875 0.05889423076923077
4 0.84375 0.6862980769230769 0.04567307692307692 0.06009615384615385
4 0.1310096153846154 0.6875 0.04567307692307692 0.06129807692307692
4 0.453125 0.6875 0.057692307692307696 0.07692307692307693
4 0.25600961538461536 0.6887019230769231 0.046875 0.06129807692307692
4 0.3942307692307692 0.6887019230769231 0.05889423076923077 0.07692307692307693
4 0.7307692307692307 0.06971153846153846 0.039663461538461536 0.04326923076923077
4 0.7836538461538461 0.6935096153846154 0.04807692307692308 0.06009615384615385
4 0.18990384615384615 0.6935096153846154 0.04326923076923077 0.06009615384615385
4 0.3161057692307692 0.703125 0.057692307692307696 0.07692307692307693
4 0.8473557692307693 0.0733173076923077 0.037259615384615384 0.040865384615384616
4 0.4495192307692308 0.07572115384615384 0.04807692307692308 0.051682692307692304
4 0.5072115384615384 0.7620192307692307 0.05889423076923077 0.07932692307692307
4 0.9170673076923077 0.7620192307692307 0.04326923076923077 0.057692307692307696
4 0.44711538461538464 0.7680288461538461 0.05889423076923077 0.08052884615384616
4 0.7740384615384616 0.7716346153846154 0.04807692307692308 0.06009615384615385
4 0.6177884615384616 0.07692307692307693 0.039663461538461536 0.042067307692307696
4 0.5661057692307693 0.078125 0.04807692307692308 0.046875
4 0.38822115384615385 0.7740384615384616 0.05889423076923077 0.07932692307692307
4 0.84375 0.7752403846153846 0.05048076923076923 0.06490384615384616
4 0.20072115384615385 0.7776442307692307 0.046875 0.0625
4 0.2536057692307692 0.7824519230769231 0.04567307692307692 0.06610576923076923
4 0.6514423076923077 0.7824519230769231 0.04567307692307692 0.06129807692307692
4 0.3112980769230769 0.7836538461538461 0.06129807692307692 0.078125
4 0.5829326923076923 0.7848557692307693 0.06009615384615385 0.07932692307692307
4 0.12259615384615384 0.7884615384615384 0.04567307692307692 0.0625
4 0.71875 0.7908653846153846 0.04447115384615385 0.06370192307692307
4 0.0625 0.7908653846153846 0.04567307692307692 0.0625
4 0.5120192307692307 0.08052884615384616 0.04807692307692308 0.04807692307692308
4 0.3557692307692308 0.08413461538461539 0.04326923076923077 0.051682692307692304
4 0.9194711538461539 0.8449519230769231 0.04807692307692308 0.06009615384615385
4 0.4014423076923077 0.08533653846153846 0.04807692307692308 0.054086538461538464
4 0.3762019230769231 0.8581730769230769 0.0625 0.09014423076923077
4 0.8569711538461539 0.859375 0.04807692307692308 0.0625
4 0.7896634615384616 0.8617788461538461 0.04567307692307692 0.06490384615384616
4 0.5865384615384616 0.8641826923076923 0.0625 0.08413461538461539
4 0.3137019230769231 0.8653846153846154 0.06009615384615385 0.08413461538461539
4 0.5180288461538461 0.8653846153846154 0.06370192307692307 0.0829326923076923
4 0.43990384615384615 0.8665865384615384 0.0625 0.07932692307692307
4 0.6550480769230769 0.8665865384615384 0.04567307692307692 0.06370192307692307
4 0.17307692307692307 0.08653846153846154 0.039663461538461536 0.04567307692307692
4 0.2860576923076923 0.08774038461538461 0.039663461538461536 0.04447115384615385
4 0.18629807692307693 0.8689903846153846 0.046875 0.06610576923076923
4 0.71875 0.8725961538461539 0.04567307692307692 0.0673076923076923
4 0.2512019230769231 0.875 0.04447115384615385 0.06129807692307692
4 0.1141826923076923 0.8786057692307693 0.04326923076923077 0.056490384615384616
4 0.05889423076923077 0.8786057692307693 0.046875 0.056490384615384616
4 0.22115384615384615 0.09495192307692307 0.039663461538461536 0.04447115384615385
4 0.12139423076923077 0.0985576923076923 0.039663461538461536 0.046875
