4 0.7259615384615384 0.2776442307692308 0.03245192307692308 0.051682692307692304
4 0.9603365384615384 0.2800480769230769 0.042067307692307696 0.06610576923076923
4 0.19230769230769232 0.28365384615384615 0.039663461538461536 0.06610576923076923
4 0.3125 0.29447115384615385 0.036057692307692304 0.05889423076923077
4 0.7920673076923077 0.3112980769230769 0.03485576923076923 0.05889423076923077
4 0.5492788461538461 0.3125 0.040865384615384616 0.056490384615384616
4 0.7620192307692307 0.31971153846153844 0.03125 0.06610576923076923
4 0.7139423076923077 0.3233173076923077 0.039663461538461536 0.05889423076923077
4 0.6045673076923077 0.33653846153846156 0.039663461538461536 0.06129807692307692
4 0.12740384615384615 0.33653846153846156 0.02283653846153846 0.06129807692307692
4 0.28725961538461536 0.34615384615384615 0.040865384615384616 0.05889423076923077
4 0.07572115384615384 0.3473557692307692 0.03125 0.07091346153846154
4 0.6706730769230769 0.3485576923076923 0.046875 0.06370192307692307
4 0.21754807692307693 0.3713942307692308 0.021634615384615384 0.07091346153846154
4 0.8221153846153846 0.375 0.026442307692307692 0.0733173076923077
4 0.9639423076923077 0.375 0.039663461538461536 0.06850961538461539
4 0.18990384615384615 0.3918269230769231 0.036057692307692304 0.05889423076923077
4 0.24519230769230768 0.40384615384615385 0.04567307692307692 0.05889423076923077
4 0.39302884615384615 0.4050480769230769 0.04447115384615385 0.06129807692307692
4 0.5925480769230769 0.41947115384615385 0.02403846153846154 0.0733173076923077
4 0.7331730769230769 0.4675480769230769 0.026442307692307692 0.0733173076923077
4 0.1502403846153846 0.5240384615384616 0.028846153846153848 0.078125
4 0.6754807692307693 0.5264423076923077 0.05048076923076923 0.05889423076923077
4 0.8569711538461539 0.5336538461538461 0.02403846153846154 0.07572115384615384
4 0.6514423076923077 0.055288461538461536 0.028846153846153848 0.06129807692307692
4 0.5108173076923077 0.5396634615384616 0.046875 0.0733173076923077
4 0.796875 0.5492788461538461 0.02403846153846154 0.078125
4 0.6418269230769231 0.5540865384615384 0.05048076923076923 0.054086538461538464
4 0.3713942307692308 0.5552884615384616 0.040865384615384616 0.06610576923076923
4 0.7211538461538461 0.5600961538461539 0.027644230769230768 0.07091346153846154
4 0.5889423076923077 0.5853365384615384 0.054086538461538464 0.06850961538461539
4 0.18990384615384615 0.5949519230769231 0.042067307692307696 0.056490384615384616
4 0.6394230769230769 0.6057692307692307 0.039663461538461536 0.078125
4 0.13701923076923078 0.6069711538461539 0.037259615384615384 0.07572115384615384
4 0.49038461538461536 0.06490384615384616 0.042067307692307696 0.06129807692307692
4 0.21754807692307693 0.6370192307692307 0.040865384615384616 0.06850961538461539
4 0.53125 0.0673076923076923 0.036057692307692304 0.06129807692307692
4 0.6129807692307693 0.6622596153846154 0.036057692307692304 0.06850961538461539
4 0.5036057692307693 0.6814903846153846 0.028846153846153848 0.078125
4 0.546875 0.6838942307692307 0.04927884615384615 0.06850961538461539
4 0.4254807692307692 0.6850961538461539 0.05048076923076923 0.06129807692307692
4 0.6899038461538461 0.6983173076923077 0.02283653846153846 0.0829326923076923
4 0.24158653846153846 0.7043269230769231 0.05048076923076923 0.051682692307692304
4 0.31490384615384615 0.07091346153846154 0.037259615384615384 0.054086538461538464
4 0.8305288461538461 0.7247596153846154 0.05048076923076923 0.06129807692307692
4 0.27403846153846156 0.7524038461538461 0.027644230769230768 0.08774038461538461
4 0.44711538461538464 0.07572115384615384 0.03125 0.05889423076923077
4 0.6466346153846154 0.7872596153846154 0.036057692307692304 0.0829326923076923
4 0.15985576923076922 0.8221153846153846 0.05048076923076923 0.08052884615384616
4 0.8810096153846154 0.8617788461538461 0.03125 0.08052884615384616
4 0.08533653846153846 0.8846153846153846 0.057692307692307696 0.0733173076923077
4 0.5649038461538461 0.8858173076923077 0.055288461538461536 0.07572115384615384
4 0.03245192307692308 0.8942307692307693 0.052884615384615384 0.078125
4 0.8137019230769231 0.9050480769230769 0.04927884615384615 0.056490384615384616
4 0.29447115384615385 0.9338942307692307 0.054086538461538464 0.078125
4 0.5769230769230769 0.0985576923076923 0.042067307692307696 0.05889423076923077
4 0.6189903846153846 0.10576923076923077 0.04447115384615385 0.04447115384615385
4 0.8786057692307693 0.16466346153846154 0.042067307692307696 0.054086538461538464
4 0.44711538461538464 0.1778846153846154 0.040865384615384616 0.056490384615384616
4 0.5877403846153846 0.18389423076923078 0.04567307692307692 0.04927884615384615
4 0.2548076923076923 0.18870192307692307 0.019230769230769232 0.06850961538461539
4 0.12620192307692307 0.19471153846153846 0.04447115384615385 0.037259615384615384
4 0.15384615384615385 0.2091346153846154 0.03485576923076923 0.056490384615384616
4 0.8930288461538461 0.21634615384615385 0.046875 0.051682692307692304
4 0.671875 0.22355769230769232 0.039663461538461536 0.05889423076923077
4 0.6009615384615384 0.23798076923076922 0.03245192307692308 0.06370192307692307
4 0.09495192307692307 0.23798076923076922 0.02283653846153846 0.06370192307692307
4 0.7163461538461539 0.23918269230769232 0.03485576923076923 0.037259615384615384
4 0.33413461538461536 0.2439903846153846 0.027644230769230768 0.06610576923076923
