4 0.8918269230769231 0.28725961538461536 0.1814903846153846 0.1814903846153846
4 0.4519230769230769 0.2956730769230769 0.21394230769230768 0.2127403846153846
4 0.6802884615384616 0.30528846153846156 0.14903846153846154 0.1466346153846154
4 0.13581730769230768 0.36658653846153844 0.21875 0.22235576923076922
4 0.5528846153846154 0.4987980769230769 0.14182692307692307 0.14423076923076922
4 0.7824519230769231 0.4987980769230769 0.14543269230769232 0.14182692307692307
4 0.32572115384615385 0.5060096153846154 0.17427884615384615 0.16826923076923078
4 0.12259615384615384 0.5949519230769231 0.17668269230769232 0.16947115384615385
4 0.6598557692307693 0.6514423076923077 0.14543269230769232 0.14543269230769232
4 0.07451923076923077 0.06490384615384616 0.11298076923076923 0.11057692307692307
4 0.8713942307692307 0.6706730769230769 0.14903846153846154 0.14903846153846154
4 0.45552884615384615 0.06971153846153846 0.109375 0.10817307692307693
4 0.41346153846153844 0.7271634615384616 0.24158653846153846 0.24879807692307693
4 0.1466346153846154 0.8389423076923077 0.2512019230769231 0.24639423076923078
4 0.6598557692307693 0.8689903846153846 0.20432692307692307 0.20072115384615385
4 0.8846153846153846 0.875 0.14903846153846154 0.15144230769230768
4 0.9026442307692307 0.09254807692307693 0.14543269230769232 0.14903846153846154
4 0.4639423076923077 0.9242788461538461 0.12139423076923077 0.12139423076923077
4 0.6887019230769231 0.10336538461538461 0.1814903846153846 0.18028846153846154
4 0.2512019230769231 0.13581730769230768 0.2127403846153846 0.2091346153846154
