4 0.5661057692307693 0.33533653846153844 0.039663461538461536 0.05048076923076923
4 0.46153846153846156 0.41586538461538464 0.04447115384615385 0.06971153846153846
4 0.45072115384615385 0.49399038461538464 0.04326923076923077 0.052884615384615384
4 0.5925480769230769 0.5 0.040865384615384616 0.06971153846153846
4 0.4495192307692308 0.5492788461538461 0.04447115384615385 0.07451923076923077
4 0.7680288461538461 0.5649038461538461 0.037259615384615384 0.0673076923076923
4 0.6225961538461539 0.5709134615384616 0.040865384615384616 0.06971153846153846
4 0.49278846153846156 0.5829326923076923 0.038461538461538464 0.0733173076923077
4 0.7019230769230769 0.6730769230769231 0.04807692307692308 0.06971153846153846
4 0.7463942307692307 0.6730769230769231 0.040865384615384616 0.057692307692307696
4 0.2512019230769231 0.7007211538461539 0.038461538461538464 0.07692307692307693
4 0.7848557692307693 0.7283653846153846 0.04807692307692308 0.057692307692307696
4 0.7403846153846154 0.734375 0.03245192307692308 0.07692307692307693
4 0.8221153846153846 0.7752403846153846 0.054086538461538464 0.07932692307692307
4 0.6105769230769231 0.8064903846153846 0.051682692307692304 0.0829326923076923
4 0.3425480769230769 0.8185096153846154 0.042067307692307696 0.0829326923076923
4 0.5120192307692307 0.8389423076923077 0.056490384615384616 0.08653846153846154
