4 0.30649038461538464 0.23076923076923078 0.0829326923076923 0.055288461538461536
4 0.8870192307692307 0.23557692307692307 0.07211538461538461 0.036057692307692304
4 0.6081730769230769 0.24759615384615385 0.06850961538461539 0.07692307692307693
4 0.9050480769230769 0.026442307692307692 0.10096153846153846 0.051682692307692304
4 0.8581730769230769 0.2800480769230769 0.05889423076923077 0.06490384615384616
4 0.2848557692307692 0.29447115384615385 0.046875 0.06370192307692307
4 0.7295673076923077 0.3076923076923077 0.12259615384615384 0.14182692307692307
4 0.9627403846153846 0.3088942307692308 0.07211538461538461 0.08052884615384616
4 0.24158653846153846 0.32091346153846156 0.036057692307692304 0.07091346153846154
4 0.3329326923076923 0.3329326923076923 0.10336538461538461 0.06009615384615385
4 0.6370192307692307 0.3485576923076923 0.07211538461538461 0.09375
4 0.4879807692307692 0.34975961538461536 0.06490384615384616 0.07091346153846154
4 0.9230769230769231 0.3545673076923077 0.028846153846153848 0.078125
4 0.3137019230769231 0.3870192307692308 0.06850961538461539 0.0829326923076923
4 0.7956730769230769 0.4074519230769231 0.05889423076923077 0.03485576923076923
4 0.5516826923076923 0.43149038461538464 0.054086538461538464 0.06370192307692307
4 0.6105769230769231 0.43149038461538464 0.046875 0.07451923076923077
4 0.8509615384615384 0.4423076923076923 0.0625 0.036057692307692304
4 0.6850961538461539 0.4519230769230769 0.05889423076923077 0.0673076923076923
4 0.3173076923076923 0.49158653846153844 0.06850961538461539 0.08052884615384616
4 0.6454326923076923 0.49278846153846156 0.028846153846153848 0.125
4 0.28966346153846156 0.054086538461538464 0.055288461538461536 0.09975961538461539
4 0.109375 0.5504807692307693 0.0625 0.0733173076923077
4 0.8413461538461539 0.5673076923076923 0.055288461538461536 0.028846153846153848
4 0.9074519230769231 0.5889423076923077 0.06850961538461539 0.03125
4 0.8449519230769231 0.06129807692307692 0.10817307692307693 0.09975961538461539
4 0.7920673076923077 0.6141826923076923 0.054086538461538464 0.07692307692307693
4 0.12980769230769232 0.6213942307692307 0.057692307692307696 0.07451923076923077
4 0.8966346153846154 0.6478365384615384 0.0673076923076923 0.09014423076923077
4 0.9663461538461539 0.6550480769230769 0.06370192307692307 0.040865384615384616
4 0.6370192307692307 0.6971153846153846 0.0673076923076923 0.078125
4 0.14423076923076922 0.6971153846153846 0.06971153846153846 0.078125
4 0.5384615384615384 0.7055288461538461 0.06971153846153846 0.06009615384615385
4 0.8040865384615384 0.7367788461538461 0.055288461538461536 0.09254807692307693
4 0.6862980769230769 0.7584134615384616 0.042067307692307696 0.09975961538461539
4 0.0733173076923077 0.7608173076923077 0.0625 0.051682692307692304
4 0.22355769230769232 0.7740384615384616 0.06490384615384616 0.11538461538461539
4 0.15384615384615385 0.7836538461538461 0.0673076923076923 0.057692307692307696
4 0.9278846153846154 0.8028846153846154 0.08653846153846154 0.03485576923076923
4 0.09134615384615384 0.8028846153846154 0.04567307692307692 0.06009615384615385
4 0.7620192307692307 0.08052884615384616 0.06850961538461539 0.0733173076923077
4 0.5096153846153846 0.8076923076923077 0.07572115384615384 0.051682692307692304
4 0.7728365384615384 0.8173076923076923 0.052884615384615384 0.05048076923076923
4 0.6598557692307693 0.8413461538461539 0.028846153846153848 0.0673076923076923
4 0.24879807692307693 0.8461538461538461 0.0625 0.026442307692307692
4 0.5925480769230769 0.859375 0.09975961538461539 0.11658653846153846
4 0.421875 0.8701923076923077 0.0733173076923077 0.04807692307692308
4 0.8389423076923077 0.8966346153846154 0.03125 0.08052884615384616
4 0.21514423076923078 0.90625 0.027644230769230768 0.11538461538461539
4 0.7079326923076923 0.9074519230769231 0.02283653846153846 0.055288461538461536
4 0.30528846153846156 0.9074519230769231 0.039663461538461536 0.0733173076923077
4 0.055288461538461536 0.9543269230769231 0.10336538461538461 0.05048076923076923
4 0.6766826923076923 0.9603365384615384 0.026442307692307692 0.07451923076923077
4 0.15144230769230768 0.10336538461538461 0.052884615384615384 0.09254807692307693
4 0.7151442307692307 0.11177884615384616 0.039663461538461536 0.057692307692307696
4 0.4423076923076923 0.12980769230769232 0.06490384615384616 0.03245192307692308
4 0.7680288461538461 0.12980769230769232 0.0625 0.03245192307692308
4 0.25841346153846156 0.14302884615384615 0.06009615384615385 0.06009615384615385
4 0.36177884615384615 0.15504807692307693 0.037259615384615384 0.09375
4 0.49399038461538464 0.18389423076923078 0.055288461538461536 0.09735576923076923
