4 0.23076923076923078 0.4639423076923077 0.052884615384615384 0.0829326923076923
4 0.14783653846153846 0.47596153846153844 0.04807692307692308 0.0829326923076923
4 0.2848557692307692 0.5324519230769231 0.038461538461538464 0.09615384615384616
4 0.13341346153846154 0.5625 0.04326923076923077 0.09375
4 0.6586538461538461 0.6382211538461539 0.055288461538461536 0.056490384615384616
4 0.5805288461538461 0.7055288461538461 0.04567307692307692 0.09375
4 0.6971153846153846 0.7055288461538461 0.04807692307692308 0.09735576923076923
4 0.4951923076923077 0.7067307692307693 0.06850961538461539 0.09134615384615384
4 0.2956730769230769 0.7223557692307693 0.056490384615384616 0.08653846153846154
4 0.6490384615384616 0.7235576923076923 0.05889423076923077 0.09975961538461539
