4 0.6213942307692307 0.28846153846153844 0.039663461538461536 0.08052884615384616
4 0.5048076923076923 0.33533653846153844 0.039663461538461536 0.0829326923076923
4 0.3629807692307692 0.36658653846153844 0.10817307692307693 0.125
4 0.7151442307692307 0.41346153846153844 0.0829326923076923 0.11538461538461539
4 0.47716346153846156 0.4206730769230769 0.04567307692307692 0.09615384615384616
4 0.27884615384615385 0.47596153846153844 0.028846153846153848 0.11778846153846154
4 0.16826923076923078 0.4855769230769231 0.042067307692307696 0.0733173076923077
4 0.4170673076923077 0.5552884615384616 0.0673076923076923 0.09615384615384616
4 0.3401442307692308 0.6057692307692307 0.054086538461538464 0.0829326923076923
4 0.6274038461538461 0.6117788461538461 0.07572115384615384 0.11538461538461539
4 0.20552884615384615 0.6394230769230769 0.042067307692307696 0.08774038461538461
4 0.8629807692307693 0.6490384615384616 0.054086538461538464 0.09254807692307693
4 0.6021634615384616 0.7319711538461539 0.0829326923076923 0.11538461538461539
4 0.421875 0.7584134615384616 0.04447115384615385 0.10576923076923077
4 0.6923076923076923 0.10817307692307693 0.06850961538461539 0.08774038461538461
4 0.9543269230769231 0.12259615384615384 0.08533653846153846 0.13221153846153846
4 0.1935096153846154 0.22596153846153846 0.06370192307692307 0.10817307692307693
