4 0.3233173076923077 0.29447115384615385 0.055288461538461536 0.08653846153846154
4 0.20072115384615385 0.33653846153846156 0.03485576923076923 0.09615384615384616
4 0.9026442307692307 0.3473557692307692 0.040865384615384616 0.08173076923076923
4 0.7415865384615384 0.4266826923076923 0.046875 0.0889423076923077
4 0.5408653846153846 0.5024038461538461 0.06850961538461539 0.10096153846153846
4 0.8076923076923077 0.5564903846153846 0.05048076923076923 0.10576923076923077
4 0.8557692307692307 0.6274038461538461 0.04927884615384615 0.0985576923076923
4 0.8930288461538461 0.7247596153846154 0.046875 0.12139423076923077
4 0.051682692307692304 0.7800480769230769 0.08052884615384616 0.11298076923076923
4 0.8076923076923077 0.7860576923076923 0.039663461538461536 0.10096153846153846
4 0.5288461538461539 0.7908653846153846 0.05048076923076923 0.09134615384615384
4 0.39903846153846156 0.8173076923076923 0.054086538461538464 0.10817307692307693
4 0.06009615384615385 0.9302884615384616 0.0733173076923077 0.0985576923076923
4 0.6165865384615384 0.13221153846153846 0.03485576923076923 0.08173076923076923
