4 0.6334134615384616 0.265625 0.05048076923076923 0.04927884615384615
4 0.32572115384615385 0.27524038461538464 0.042067307692307696 0.04927884615384615
4 0.056490384615384616 0.2956730769230769 0.03125 0.07091346153846154
4 0.5625 0.2980769230769231 0.03125 0.07572115384615384
4 0.9278846153846154 0.29927884615384615 0.042067307692307696 0.06370192307692307
4 0.8076923076923077 0.3088942307692308 0.039663461538461536 0.037259615384615384
4 0.35336538461538464 0.31971153846153844 0.04927884615384615 0.04447115384615385
4 0.38461538461538464 0.036057692307692304 0.04447115384615385 0.06129807692307692
4 0.7692307692307693 0.36658653846153844 0.04447115384615385 0.06370192307692307
4 0.6550480769230769 0.037259615384615384 0.052884615384615384 0.0733173076923077
4 0.22596153846153846 0.3798076923076923 0.04927884615384615 0.046875
4 0.2932692307692308 0.40024038461538464 0.046875 0.06850961538461539
4 0.5829326923076923 0.41586538461538464 0.040865384615384616 0.06610576923076923
4 0.11538461538461539 0.4362980769230769 0.05048076923076923 0.08052884615384616
4 0.28966346153846156 0.04447115384615385 0.05048076923076923 0.054086538461538464
4 0.21754807692307693 0.4423076923076923 0.040865384615384616 0.054086538461538464
4 0.6538461538461539 0.4675480769230769 0.046875 0.051682692307692304
4 0.29086538461538464 0.47475961538461536 0.04567307692307692 0.08413461538461539
4 0.48677884615384615 0.5204326923076923 0.026442307692307692 0.06370192307692307
4 0.8425480769230769 0.6045673076923077 0.04567307692307692 0.06850961538461539
4 0.9579326923076923 0.6117788461538461 0.04567307692307692 0.06850961538461539
4 0.3449519230769231 0.6141826923076923 0.052884615384615384 0.078125
4 0.018028846153846152 0.6274038461538461 0.036057692307692304 0.07211538461538461
4 0.5228365384615384 0.640625 0.036057692307692304 0.037259615384615384
4 0.052884615384615384 0.6598557692307693 0.039663461538461536 0.046875
4 0.1778846153846154 0.6670673076923077 0.040865384615384616 0.08653846153846154
4 0.27163461538461536 0.6862980769230769 0.04927884615384615 0.042067307692307696
4 0.8185096153846154 0.7151442307692307 0.052884615384615384 0.039663461538461536
4 0.6141826923076923 0.7271634615384616 0.052884615384615384 0.08413461538461539
4 0.16706730769230768 0.7740384615384616 0.042067307692307696 0.054086538461538464
4 0.6346153846153846 0.7908653846153846 0.05048076923076923 0.04447115384615385
4 0.38461538461538464 0.8197115384615384 0.046875 0.06610576923076923
4 0.4951923076923077 0.8197115384615384 0.052884615384615384 0.06129807692307692
4 0.3329326923076923 0.828125 0.054086538461538464 0.06850961538461539
4 0.5348557692307693 0.8665865384615384 0.04927884615384615 0.06610576923076923
4 0.20192307692307693 0.8810096153846154 0.037259615384615384 0.07572115384615384
4 0.8786057692307693 0.8822115384615384 0.052884615384615384 0.06850961538461539
4 0.22355769230769232 0.8858173076923077 0.03245192307692308 0.07091346153846154
4 0.38461538461538464 0.9002403846153846 0.04447115384615385 0.07572115384615384
4 0.2824519230769231 0.9050480769230769 0.04447115384615385 0.08052884615384616
4 0.5697115384615384 0.9122596153846154 0.028846153846153848 0.06610576923076923
4 0.4375 0.9495192307692307 0.054086538461538464 0.051682692307692304
4 0.057692307692307696 0.9639423076923077 0.057692307692307696 0.042067307692307696
4 0.15985576923076922 0.9639423076923077 0.02403846153846154 0.06610576923076923
4 0.11538461538461539 0.96875 0.057692307692307696 0.037259615384615384
4 0.7259615384615384 0.109375 0.052884615384615384 0.056490384615384616
4 0.052884615384615384 0.11298076923076923 0.05048076923076923 0.06850961538461539
4 0.16466346153846154 0.1141826923076923 0.046875 0.07572115384615384
4 0.609375 0.14783653846153846 0.04567307692307692 0.078125
4 0.0985576923076923 0.15625 0.054086538461538464 0.08052884615384616
4 0.9302884615384616 0.17427884615384615 0.042067307692307696 0.04447115384615385
4 0.38341346153846156 0.1971153846153846 0.036057692307692304 0.06850961538461539
4 0.4495192307692308 0.2091346153846154 0.04927884615384615 0.04447115384615385
4 0.8485576923076923 0.21514423076923078 0.054086538461538464 0.037259615384615384
4 0.5396634615384616 0.22355769230769232 0.04567307692307692 0.04927884615384615
4 0.2127403846153846 0.234375 0.04567307692307692 0.06610576923076923
4 0.06850961538461539 0.2439903846153846 0.03245192307692308 0.056490384615384616
