4 0.4651442307692308 0.24519230769230768 0.08173076923076923 0.05048076923076923
4 0.5324519230769231 0.25 0.05889423076923077 0.0889423076923077
4 0.3629807692307692 0.3762019230769231 0.07692307692307693 0.09375
4 0.44591346153846156 0.42427884615384615 0.08173076923076923 0.03485576923076923
4 0.5084134615384616 0.47836538461538464 0.05889423076923077 0.06370192307692307
4 0.5709134615384616 0.49038461538461536 0.08052884615384616 0.06129807692307692
4 0.59375 0.5649038461538461 0.037259615384615384 0.11538461538461539
4 0.31009615384615385 0.5997596153846154 0.08052884615384616 0.10697115384615384
4 0.45913461538461536 0.6165865384615384 0.06490384615384616 0.09975961538461539
4 0.5757211538461539 0.6814903846153846 0.08533653846153846 0.109375
4 0.23677884615384615 0.7944711538461539 0.07572115384615384 0.11538461538461539
4 0.3557692307692308 0.9326923076923077 0.09495192307692307 0.12259615384615384
4 0.5324519230769231 0.14543269230769232 0.06850961538461539 0.052884615384615384
4 0.47596153846153844 0.18629807692307693 0.06009615384615385 0.07572115384615384
4 0.35216346153846156 0.19471153846153846 0.07692307692307693 0.054086538461538464
