4 0.4050480769230769 0.20192307692307693 0.08533653846153846 0.08052884615384616
4 0.34615384615384615 0.234375 0.07091346153846154 0.037259615384615384
4 0.296875 0.28846153846153844 0.06129807692307692 0.06971153846153846
4 0.23076923076923078 0.31009615384615385 0.06971153846153846 0.11057692307692307
4 0.5288461538461539 0.39903846153846156 0.05048076923076923 0.12740384615384615
4 0.6538461538461539 0.47475961538461536 0.06370192307692307 0.12379807692307693
4 0.5769230769230769 0.5348557692307693 0.05889423076923077 0.09735576923076923
4 0.13822115384615385 0.5516826923076923 0.055288461538461536 0.11658653846153846
4 0.46274038461538464 0.6237980769230769 0.0733173076923077 0.09975961538461539
4 0.33533653846153844 0.6310096153846154 0.07211538461538461 0.10697115384615384
4 0.23317307692307693 0.6454326923076923 0.06610576923076923 0.07091346153846154
4 0.5805288461538461 0.6766826923076923 0.052884615384615384 0.10697115384615384
4 0.17908653846153846 0.6802884615384616 0.0985576923076923 0.10336538461538461
4 0.5372596153846154 0.7331730769230769 0.07572115384615384 0.0733173076923077
4 0.28125 0.7584134615384616 0.05048076923076923 0.10096153846153846
4 0.3425480769230769 0.7932692307692307 0.05889423076923077 0.09735576923076923
