4 0.42908653846153844 0.36778846153846156 0.057692307692307696 0.12259615384615384
4 0.5480769230769231 0.4987980769230769 0.0829326923076923 0.1658653846153846
4 0.43990384615384615 0.5072115384615384 0.10096153846153846 0.11177884615384616
4 0.14783653846153846 0.578125 0.06971153846153846 0.08052884615384616
4 0.34615384615384615 0.5961538461538461 0.06850961538461539 0.15865384615384615
4 0.10096153846153846 0.6478365384615384 0.052884615384615384 0.16346153846153846
4 0.4699519230769231 0.6598557692307693 0.0733173076923077 0.0985576923076923
4 0.8401442307692307 0.6826923076923077 0.09014423076923077 0.140625
4 0.6165865384615384 0.7043269230769231 0.09975961538461539 0.171875
4 0.7572115384615384 0.7043269230769231 0.08052884615384616 0.078125
4 0.515625 0.7487980769230769 0.03125 0.17427884615384615
4 0.3942307692307692 0.7692307692307693 0.08533653846153846 0.171875
