4 0.06850961538461539 0.19831730769230768 0.05048076923076923 0.0733173076923077
4 0.2091346153846154 0.22115384615384615 0.03125 0.0673076923076923
4 0.22115384615384615 0.3076923076923077 0.027644230769230768 0.07091346153846154
4 0.28966346153846156 0.33533653846153844 0.04447115384615385 0.05048076923076923
4 0.45913461538461536 0.3449519230769231 0.05048076923076923 0.07091346153846154
4 0.5540865384615384 0.35216346153846156 0.04326923076923077 0.056490384615384616
4 0.24519230769230768 0.390625 0.052884615384615384 0.07451923076923077
4 0.11899038461538461 0.4014423076923077 0.038461538461538464 0.07091346153846154
4 0.5889423076923077 0.41225961538461536 0.055288461538461536 0.04326923076923077
4 0.36778846153846156 0.42788461538461536 0.054086538461538464 0.052884615384615384
4 0.13822115384615385 0.4495192307692308 0.037259615384615384 0.06610576923076923
4 0.40625 0.46634615384615385 0.05048076923076923 0.06971153846153846
4 0.10096153846153846 0.4735576923076923 0.03125 0.06971153846153846
4 0.5096153846153846 0.47836538461538464 0.036057692307692304 0.052884615384615384
4 0.45072115384615385 0.5096153846153846 0.05048076923076923 0.06610576923076923
4 0.23798076923076922 0.5240384615384616 0.030048076923076924 0.0733173076923077
4 0.025240384615384616 0.5384615384615384 0.042067307692307696 0.06009615384615385
4 0.15144230769230768 0.5408653846153846 0.038461538461538464 0.07932692307692307
4 0.25600961538461536 0.5685096153846154 0.027644230769230768 0.0673076923076923
4 0.5769230769230769 0.5877403846153846 0.04927884615384615 0.06971153846153846
4 0.35216346153846156 0.6057692307692307 0.03125 0.07932692307692307
4 0.41346153846153844 0.625 0.027644230769230768 0.0829326923076923
4 0.19951923076923078 0.6538461538461539 0.05048076923076923 0.0625
4 0.5444711538461539 0.6899038461538461 0.05048076923076923 0.06610576923076923
4 0.45552884615384615 0.703125 0.025240384615384616 0.07451923076923077
4 0.3125 0.7163461538461539 0.05048076923076923 0.0673076923076923
4 0.8629807692307693 0.7211538461538461 0.03365384615384615 0.054086538461538464
4 0.8149038461538461 0.7247596153846154 0.026442307692307692 0.056490384615384616
4 0.7896634615384616 0.75 0.028846153846153848 0.06370192307692307
4 0.6021634615384616 0.8052884615384616 0.051682692307692304 0.057692307692307696
4 0.3557692307692308 0.8137019230769231 0.03365384615384615 0.07932692307692307
4 0.7211538461538461 0.8353365384615384 0.037259615384615384 0.07091346153846154
4 0.7740384615384616 0.8545673076923077 0.026442307692307692 0.07692307692307693
4 0.6057692307692307 0.8701923076923077 0.04326923076923077 0.07451923076923077
4 0.10216346153846154 0.0889423076923077 0.05048076923076923 0.0733173076923077
4 0.7295673076923077 0.9134615384615384 0.04326923076923077 0.07451923076923077
4 0.8173076923076923 0.9206730769230769 0.03125 0.07932692307692307
4 0.6790865384615384 0.9326923076923077 0.054086538461538464 0.06370192307692307
4 0.6923076923076923 0.9639423076923077 0.036057692307692304 0.0673076923076923
4 0.34375 0.14903846153846154 0.05048076923076923 0.06971153846153846
