4 0.4519230769230769 0.24158653846153846 0.054086538461538464 0.13701923076923078
4 0.5612980769230769 0.25961538461538464 0.04927884615384615 0.11057692307692307
4 0.16706730769230768 0.30649038461538464 0.05889423076923077 0.1141826923076923
4 0.2980769230769231 0.3245192307692308 0.0625 0.10096153846153846
4 0.6021634615384616 0.33413461538461536 0.036057692307692304 0.12379807692307693
4 0.5408653846153846 0.36778846153846156 0.08774038461538461 0.07091346153846154
4 0.39903846153846156 0.4387019230769231 0.056490384615384616 0.12740384615384615
4 0.10216346153846154 0.4831730769230769 0.039663461538461536 0.13341346153846154
4 0.30408653846153844 0.5324519230769231 0.052884615384615384 0.13701923076923078
4 0.5769230769230769 0.5576923076923077 0.07932692307692307 0.13341346153846154
4 0.4675480769230769 0.5757211538461539 0.054086538461538464 0.1201923076923077
4 0.04927884615384615 0.609375 0.04927884615384615 0.14302884615384615
4 0.6430288461538461 0.6526442307692307 0.09254807692307693 0.109375
4 0.33413461538461536 0.65625 0.0829326923076923 0.12379807692307693
4 0.5072115384615384 0.75 0.07932692307692307 0.1141826923076923
