4 0.38822115384615385 0.625 0.04447115384615385 0.07451923076923077
4 0.7524038461538461 0.6899038461538461 0.04807692307692308 0.07091346153846154
4 0.8088942307692307 0.7836538461538461 0.057692307692307696 0.057692307692307696
4 0.25841346153846156 0.8004807692307693 0.054086538461538464 0.09134615384615384
4 0.18870192307692307 0.8221153846153846 0.030048076923076924 0.09375
4 0.6706730769230769 0.8365384615384616 0.04927884615384615 0.04927884615384615
4 0.8461538461538461 0.84375 0.056490384615384616 0.08653846153846154
4 0.6153846153846154 0.8449519230769231 0.057692307692307696 0.0733173076923077
4 0.9026442307692307 0.8497596153846154 0.056490384615384616 0.09375
4 0.28846153846153844 0.8509615384615384 0.037259615384615384 0.09615384615384616
4 0.5588942307692307 0.8533653846153846 0.026442307692307692 0.09014423076923077
4 0.7572115384615384 0.8677884615384616 0.030048076923076924 0.09615384615384616
4 0.4206730769230769 0.8762019230769231 0.05889423076923077 0.09375
