4 0.17067307692307693 0.19951923076923078 0.1346153846153846 0.24158653846153846
4 0.6706730769230769 0.21995192307692307 0.11658653846153846 0.2512019230769231
4 0.7067307692307693 0.4266826923076923 0.16706730769230768 0.13341346153846154
4 0.3245192307692308 0.46875 0.13221153846153846 0.16466346153846154
4 0.21394230769230768 0.49038461538461536 0.13581730769230768 0.1778846153846154
4 0.8173076923076923 0.5108173076923077 0.16466346153846154 0.17067307692307693
4 0.09014423076923077 0.6274038461538461 0.17908653846153846 0.2536057692307692
4 0.34615384615384615 0.6862980769230769 0.1814903846153846 0.27524038461538464
4 0.5432692307692307 0.7043269230769231 0.09014423076923077 0.20432692307692307
4 0.9591346153846154 0.8004807692307693 0.07932692307692307 0.26802884615384615
4 0.1346153846153846 0.8221153846153846 0.10576923076923077 0.20793269230769232
4 0.3137019230769231 0.8954326923076923 0.15144230769230768 0.20432692307692307
4 0.45913461538461536 0.14903846153846154 0.1778846153846154 0.21153846153846154
