4 0.7259615384615384 0.2776442307692308 0.08173076923076923 0.11057692307692307
4 0.6694711538461539 0.28966346153846156 0.06490384615384616 0.10817307692307693
4 0.3161057692307692 0.296875 0.057692307692307696 0.11778846153846154
4 0.2644230769230769 0.036057692307692304 0.10096153846153846 0.051682692307692304
4 0.9050480769230769 0.34615384615384615 0.08774038461538461 0.0733173076923077
4 0.828125 0.4206730769230769 0.078125 0.07091346153846154
4 0.7427884615384616 0.5276442307692307 0.08653846153846154 0.10576923076923077
4 0.6550480769230769 0.5745192307692307 0.04927884615384615 0.125
4 0.3088942307692308 0.6117788461538461 0.08173076923076923 0.10576923076923077
4 0.7632211538461539 0.0673076923076923 0.07572115384615384 0.10096153846153846
4 0.703125 0.7043269230769231 0.09495192307692307 0.08533653846153846
4 0.8762019230769231 0.7572115384615384 0.09254807692307693 0.12259615384615384
4 0.6899038461538461 0.8786057692307693 0.09134615384615384 0.12980769230769232
4 0.10096153846153846 0.8858173076923077 0.0829326923076923 0.08052884615384616
4 0.515625 0.9459134615384616 0.09975961538461539 0.10336538461538461
4 0.6814903846153846 0.17427884615384615 0.06490384615384616 0.10817307692307693
4 0.40384615384615385 0.20793269230769232 0.0733173076923077 0.12740384615384615
