4 0.7668269230769231 0.24759615384615385 0.16466346153846154 0.16706730769230768
4 0.7319711538461539 0.4110576923076923 0.15745192307692307 0.19831730769230768
4 0.49399038461538464 0.41947115384615385 0.18509615384615385 0.27884615384615385
4 0.6382211538461539 0.5480769230769231 0.16826923076923078 0.2764423076923077
4 0.7728365384615384 0.6153846153846154 0.1310096153846154 0.27403846153846156
4 0.22596153846153846 0.6262019230769231 0.1778846153846154 0.25240384615384615
4 0.38341346153846156 0.6622596153846154 0.13701923076923078 0.2548076923076923
4 0.6875 0.8088942307692307 0.18269230769230768 0.2403846153846154
4 0.32091346153846156 0.1310096153846154 0.16466346153846154 0.11538461538461539
4 0.5012019230769231 0.21033653846153846 0.1778846153846154 0.12259615384615384
