4 0.6237980769230769 0.41947115384615385 0.03485576923076923 0.06610576923076923
4 0.5408653846153846 0.4543269230769231 0.03485576923076923 0.06129807692307692
4 0.4699519230769231 0.47475961538461536 0.03485576923076923 0.04807692307692308
4 0.12860576923076922 0.515625 0.020432692307692308 0.0733173076923077
4 0.18509615384615385 0.5600961538461539 0.02403846153846154 0.0733173076923077
4 0.6862980769230769 0.5600961538461539 0.03125 0.06370192307692307
4 0.2980769230769231 0.5745192307692307 0.019230769230769232 0.054086538461538464
4 0.2692307692307692 0.5985576923076923 0.02283653846153846 0.06370192307692307
4 0.5204326923076923 0.6117788461538461 0.027644230769230768 0.06129807692307692
4 0.4387019230769231 0.6177884615384616 0.036057692307692304 0.04807692307692308
4 0.8521634615384616 0.6213942307692307 0.020432692307692308 0.07572115384615384
4 0.7896634615384616 0.6298076923076923 0.016826923076923076 0.0733173076923077
4 0.49278846153846156 0.6310096153846154 0.03365384615384615 0.06129807692307692
4 0.7019230769230769 0.6490384615384616 0.036057692307692304 0.054086538461538464
4 0.09975961538461539 0.6574519230769231 0.021634615384615384 0.078125
4 0.5480769230769231 0.6658653846153846 0.037259615384615384 0.06610576923076923
4 0.13701923076923078 0.6766826923076923 0.02403846153846154 0.06850961538461539
4 0.6286057692307693 0.703125 0.027644230769230768 0.06850961538461539
4 0.4387019230769231 0.7331730769230769 0.028846153846153848 0.07091346153846154
4 0.16105769230769232 0.765625 0.03125 0.06129807692307692
4 0.2620192307692308 0.7764423076923077 0.03485576923076923 0.06370192307692307
4 0.5853365384615384 0.8028846153846154 0.037259615384615384 0.05889423076923077
