4 0.4014423076923077 0.23076923076923078 0.037259615384615384 0.09975961538461539
4 0.8221153846153846 0.3737980769230769 0.07572115384615384 0.09735576923076923
4 0.7728365384615384 0.3870192307692308 0.054086538461538464 0.1201923076923077
4 0.6838942307692307 0.4050480769230769 0.052884615384615384 0.10697115384615384
4 0.5697115384615384 0.4326923076923077 0.04927884615384615 0.09014423076923077
4 0.6322115384615384 0.47115384615384615 0.08774038461538461 0.0889423076923077
4 0.7427884615384616 0.49038461538461536 0.07932692307692307 0.09735576923076923
4 0.5096153846153846 0.49759615384615385 0.08173076923076923 0.08413461538461539
4 0.4170673076923077 0.5024038461538461 0.07091346153846154 0.13701923076923078
4 0.3317307692307692 0.5625 0.055288461538461536 0.1310096153846154
4 0.12620192307692307 0.5913461538461539 0.06971153846153846 0.11057692307692307
4 0.44711538461538464 0.6394230769230769 0.06129807692307692 0.11658653846153846
4 0.6129807692307693 0.6430288461538461 0.055288461538461536 0.12379807692307693
4 0.15625 0.671875 0.07692307692307693 0.12259615384615384
4 0.33413461538461536 0.75 0.07091346153846154 0.1310096153846154
4 0.6550480769230769 0.8425480769230769 0.09615384615384616 0.12620192307692307
4 0.5805288461538461 0.8449519230769231 0.06490384615384616 0.13341346153846154
