4 0.6778846153846154 0.17908653846153846 0.036057692307692304 0.051682692307692304
4 0.3425480769230769 0.25721153846153844 0.03125 0.038461538461538464
4 0.9350961538461539 0.328125 0.040865384615384616 0.05048076923076923
4 0.41225961538461536 0.3473557692307692 0.036057692307692304 0.038461538461538464
4 0.8112980769230769 0.3737980769230769 0.027644230769230768 0.05048076923076923
4 0.5516826923076923 0.40024038461538464 0.02403846153846154 0.052884615384615384
4 0.5264423076923077 0.43149038461538464 0.03365384615384615 0.04326923076923077
4 0.36899038461538464 0.46274038461538464 0.038461538461538464 0.05048076923076923
4 0.23197115384615385 0.5072115384615384 0.03485576923076923 0.046875
4 0.24158653846153846 0.5444711538461539 0.036057692307692304 0.04326923076923077
4 0.5997596153846154 0.05889423076923077 0.030048076923076924 0.05048076923076923
4 0.43149038461538464 0.6021634615384616 0.040865384615384616 0.046875
4 0.36778846153846156 0.65625 0.036057692307692304 0.05048076923076923
4 0.23798076923076922 0.7007211538461539 0.03485576923076923 0.042067307692307696
4 0.375 0.7079326923076923 0.039663461538461536 0.05048076923076923
4 0.6598557692307693 0.7235576923076923 0.039663461538461536 0.05048076923076923
4 0.9495192307692307 0.8509615384615384 0.036057692307692304 0.04447115384615385
4 0.5144230769230769 0.8605769230769231 0.038461538461538464 0.055288461538461536
4 0.4675480769230769 0.8653846153846154 0.04447115384615385 0.055288461538461536
4 0.8870192307692307 0.8737980769230769 0.03485576923076923 0.039663461538461536
4 0.8233173076923077 0.875 0.037259615384615384 0.037259615384615384
4 0.7487980769230769 0.8978365384615384 0.03485576923076923 0.042067307692307696
4 0.38461538461538464 0.9170673076923077 0.037259615384615384 0.04326923076923077
4 0.8004807692307693 0.9435096153846154 0.037259615384615384 0.052884615384615384
4 0.3485576923076923 0.9495192307692307 0.039663461538461536 0.056490384615384616
4 0.8100961538461539 0.9747596153846154 0.039663461538461536 0.04807692307692308
4 0.8617788461538461 0.09975961538461539 0.037259615384615384 0.039663461538461536
4 0.8569711538461539 0.13942307692307693 0.03245192307692308 0.04447115384615385
