4 0.4579326923076923 0.375 0.05048076923076923 0.052884615384615384
4 0.47596153846153844 0.42788461538461536 0.057692307692307696 0.06370192307692307
4 0.49399038461538464 0.49158653846153844 0.04447115384615385 0.06370192307692307
4 0.7079326923076923 0.5180288461538461 0.037259615384615384 0.09134615384615384
4 0.4495192307692308 0.5552884615384616 0.055288461538461536 0.1045673076923077
4 0.36658653846153844 0.5985576923076923 0.06009615384615385 0.109375
4 0.06129807692307692 0.6274038461538461 0.06971153846153846 0.09615384615384616
4 0.2247596153846154 0.6454326923076923 0.057692307692307696 0.09975961538461539
4 0.3581730769230769 0.7055288461538461 0.08052884615384616 0.1045673076923077
4 0.9375 0.7223557692307693 0.052884615384615384 0.11538461538461539
4 0.2620192307692308 0.7536057692307693 0.09134615384615384 0.12620192307692307
4 0.49158653846153844 0.7956730769230769 0.0985576923076923 0.1310096153846154
