4 0.9098557692307693 0.2548076923076923 0.052884615384615384 0.11778846153846154
4 0.5012019230769231 0.27403846153846156 0.06850961538461539 0.054086538461538464
4 0.6262019230769231 0.2860576923076923 0.0673076923076923 0.11057692307692307
4 0.6947115384615384 0.28966346153846156 0.046875 0.11298076923076923
4 0.2283653846153846 0.03125 0.08653846153846154 0.0625
4 0.8028846153846154 0.2956730769230769 0.028846153846153848 0.125
4 0.5625 0.30649038461538464 0.08173076923076923 0.11778846153846154
4 0.28966346153846156 0.3233173076923077 0.07692307692307693 0.11778846153846154
4 0.4411057692307692 0.33533653846153844 0.07572115384615384 0.08774038461538461
4 0.10096153846153846 0.36658653846153844 0.07211538461538461 0.11057692307692307
4 0.796875 0.41466346153846156 0.06971153846153846 0.11778846153846154
4 0.04447115384615385 0.4182692307692308 0.07572115384615384 0.1201923076923077
4 0.515625 0.41947115384615385 0.0733173076923077 0.10817307692307693
4 0.7620192307692307 0.04447115384615385 0.07692307692307693 0.08774038461538461
4 0.12139423076923077 0.04447115384615385 0.040865384615384616 0.08774038461538461
4 0.3762019230769231 0.4423076923076923 0.05889423076923077 0.11538461538461539
4 0.6694711538461539 0.46153846153846156 0.05889423076923077 0.10576923076923077
4 0.03365384615384615 0.04807692307692308 0.0673076923076923 0.056490384615384616
4 0.6334134615384616 0.5096153846153846 0.037259615384615384 0.10817307692307693
4 0.25841346153846156 0.5288461538461539 0.05048076923076923 0.09254807692307693
4 0.9026442307692307 0.5300480769230769 0.0673076923076923 0.10576923076923077
4 0.042067307692307696 0.5336538461538461 0.06370192307692307 0.09615384615384616
4 0.3076923076923077 0.5600961538461539 0.040865384615384616 0.11538461538461539
4 0.4375 0.5745192307692307 0.06370192307692307 0.09615384615384616
4 0.1778846153846154 0.06009615384615385 0.04567307692307692 0.11538461538461539
4 0.2512019230769231 0.6177884615384616 0.06971153846153846 0.06370192307692307
4 0.7007211538461539 0.6454326923076923 0.05889423076923077 0.09014423076923077
4 0.046875 0.6478365384615384 0.07692307692307693 0.10096153846153846
4 0.4723557692307692 0.0673076923076923 0.039663461538461536 0.11538461538461539
4 0.1875 0.6646634615384616 0.07692307692307693 0.11778846153846154
4 0.5324519230769231 0.6742788461538461 0.07692307692307693 0.11778846153846154
4 0.9603365384615384 0.6838942307692307 0.07572115384615384 0.10817307692307693
4 0.7127403846153846 0.06850961538461539 0.0673076923076923 0.08774038461538461
4 0.8653846153846154 0.7055288461538461 0.07692307692307693 0.078125
4 0.41346153846153844 0.7235576923076923 0.07211538461538461 0.10336538461538461
4 0.12860576923076922 0.7439903846153846 0.037259615384615384 0.10096153846153846
4 0.3401442307692308 0.7680288461538461 0.07572115384615384 0.11057692307692307
4 0.5997596153846154 0.7728365384615384 0.055288461538461536 0.10576923076923077
4 0.078125 0.7776442307692307 0.07692307692307693 0.07091346153846154
4 0.9387019230769231 0.7776442307692307 0.057692307692307696 0.11057692307692307
4 0.23798076923076922 0.7884615384615384 0.06971153846153846 0.09615384615384616
4 0.8353365384615384 0.8052884615384616 0.078125 0.1201923076923077
4 0.4519230769230769 0.8185096153846154 0.06009615384615385 0.0985576923076923
4 0.7391826923076923 0.8233173076923077 0.0829326923076923 0.054086538461538464
4 0.14903846153846154 0.8317307692307693 0.08173076923076923 0.06610576923076923
4 0.5480769230769231 0.8473557692307693 0.08052884615384616 0.042067307692307696
4 0.06971153846153846 0.8653846153846154 0.06850961538461539 0.05889423076923077
4 0.24158653846153846 0.8713942307692307 0.0733173076923077 0.06610576923076923
4 0.3605769230769231 0.8810096153846154 0.03125 0.11538461538461539
4 0.8737980769230769 0.8966346153846154 0.04567307692307692 0.11298076923076923
4 0.2920673076923077 0.8978365384615384 0.054086538461538464 0.1201923076923077
4 0.5733173076923077 0.8990384615384616 0.078125 0.054086538461538464
4 0.4230769230769231 0.9435096153846154 0.07572115384615384 0.10817307692307693
4 0.9723557692307693 0.09735576923076923 0.052884615384615384 0.046875
4 0.04567307692307692 0.9603365384615384 0.078125 0.0733173076923077
4 0.2860576923076923 0.11778846153846154 0.078125 0.10817307692307693
4 0.12379807692307693 0.12139423076923077 0.06009615384615385 0.08052884615384616
4 0.4807692307692308 0.1622596153846154 0.042067307692307696 0.0829326923076923
4 0.6382211538461539 0.20793269230769232 0.06971153846153846 0.10336538461538461
4 0.8473557692307693 0.2091346153846154 0.0829326923076923 0.051682692307692304
4 0.38341346153846156 0.21995192307692307 0.06971153846153846 0.11538461538461539
4 0.4375 0.21995192307692307 0.037259615384615384 0.11057692307692307
4 0.13221153846153846 0.22956730769230768 0.078125 0.08533653846153846
