4 0.7752403846153846 0.22235576923076922 0.09495192307692307 0.07932692307692307
4 0.24759615384615385 0.25721153846153844 0.0673076923076923 0.1622596153846154
4 0.8461538461538461 0.27163461538461536 0.05048076923076923 0.15504807692307693
4 0.3401442307692308 0.2800480769230769 0.1310096153846154 0.18269230769230768
4 0.12980769230769232 0.2980769230769231 0.11658653846153846 0.16947115384615385
4 0.9290865384615384 0.30288461538461536 0.08052884615384616 0.140625
4 0.7007211538461539 0.3076923076923077 0.0985576923076923 0.09375
4 0.5504807692307693 0.36177884615384615 0.1141826923076923 0.1658653846153846
4 0.04326923076923077 0.41947115384615385 0.08653846153846154 0.1466346153846154
4 0.6201923076923077 0.43990384615384615 0.10697115384615384 0.15144230769230768
4 0.14423076923076922 0.44350961538461536 0.08533653846153846 0.12980769230769232
4 0.6995192307692307 0.4579326923076923 0.09375 0.08533653846153846
4 0.9134615384615384 0.05048076923076923 0.09134615384615384 0.09975961538461539
4 0.4639423076923077 0.5180288461538461 0.1346153846153846 0.16947115384615385
4 0.9326923076923077 0.5300480769230769 0.0889423076923077 0.10576923076923077
4 0.7740384615384616 0.5685096153846154 0.09254807692307693 0.14543269230769232
4 0.2860576923076923 0.057692307692307696 0.10096153846153846 0.1141826923076923
4 0.9170673076923077 0.6658653846153846 0.09735576923076923 0.14783653846153846
4 0.44711538461538464 0.6742788461538461 0.10096153846153846 0.15865384615384615
4 0.18990384615384615 0.06850961538461539 0.0889423076923077 0.13701923076923078
4 0.33653846153846156 0.6923076923076923 0.10817307692307693 0.15384615384615385
4 0.7463942307692307 0.7007211538461539 0.09975961538461539 0.1141826923076923
4 0.22956730769230768 0.71875 0.11538461538461539 0.15144230769230768
4 0.5372596153846154 0.7283653846153846 0.11057692307692307 0.14423076923076922
4 0.6598557692307693 0.8088942307692307 0.11057692307692307 0.1201923076923077
4 0.34615384615384615 0.8425480769230769 0.055288461538461536 0.15144230769230768
4 0.08533653846153846 0.8701923076923077 0.1346153846153846 0.19591346153846154
4 0.5132211538461539 0.8774038461538461 0.08052884615384616 0.140625
4 0.8185096153846154 0.8954326923076923 0.0889423076923077 0.1310096153846154
4 0.7079326923076923 0.9447115384615384 0.09615384615384616 0.10697115384615384
4 0.36899038461538464 0.11658653846153846 0.09495192307692307 0.13341346153846154
4 0.47475961538461536 0.13701923076923078 0.10697115384615384 0.15504807692307693
4 0.7079326923076923 0.14423076923076922 0.09495192307692307 0.08173076923076923
4 0.09495192307692307 0.15625 0.08413461538461539 0.15384615384615385
4 0.9074519230769231 0.15745192307692307 0.10216346153846154 0.10697115384615384
