4 0.9026442307692307 0.31490384615384615 0.06370192307692307 0.03245192307692308
4 0.5985576923076923 0.3485576923076923 0.054086538461538464 0.08774038461538461
4 0.7199519230769231 0.5264423076923077 0.057692307692307696 0.0985576923076923
4 0.8665865384615384 0.5372596153846154 0.04927884615384615 0.09254807692307693
4 0.6370192307692307 0.5625 0.042067307692307696 0.09615384615384616
4 0.9459134615384616 0.5625 0.03245192307692308 0.08052884615384616
4 0.7920673076923077 0.6105769230769231 0.040865384615384616 0.09254807692307693
4 0.9699519230769231 0.6971153846153846 0.046875 0.08533653846153846
4 0.8581730769230769 0.7091346153846154 0.039663461538461536 0.08533653846153846
4 0.8028846153846154 0.7451923076923077 0.054086538461538464 0.09254807692307693
4 0.8557692307692307 0.8233173076923077 0.04927884615384615 0.09254807692307693
4 0.8966346153846154 0.8641826923076923 0.0625 0.06610576923076923
4 0.546875 0.8653846153846154 0.055288461538461536 0.0829326923076923
4 0.6995192307692307 0.8677884615384616 0.0625 0.04927884615384615
4 0.9423076923076923 0.8918269230769231 0.05048076923076923 0.0829326923076923
4 0.23557692307692307 0.9675480769230769 0.05889423076923077 0.05889423076923077
