4 0.46033653846153844 0.2692307692307692 0.03245192307692308 0.08653846153846154
4 0.7800480769230769 0.28725961538461536 0.05048076923076923 0.0733173076923077
4 0.2091346153846154 0.3641826923076923 0.04567307692307692 0.08413461538461539
4 0.4855769230769231 0.3713942307692308 0.03485576923076923 0.078125
4 0.7884615384615384 0.3894230769230769 0.037259615384615384 0.08653846153846154
4 0.6622596153846154 0.4206730769230769 0.057692307692307696 0.0733173076923077
4 0.8221153846153846 0.421875 0.05048076923076923 0.06610576923076923
4 0.28846153846153844 0.44471153846153844 0.046875 0.06370192307692307
4 0.16466346153846154 0.4519230769230769 0.055288461538461536 0.0889423076923077
4 0.5408653846153846 0.484375 0.04567307692307692 0.05889423076923077
4 0.6442307692307693 0.4951923076923077 0.055288461538461536 0.051682692307692304
4 0.2764423076923077 0.5420673076923077 0.055288461538461536 0.07572115384615384
4 0.3762019230769231 0.5528846153846154 0.040865384615384616 0.06850961538461539
4 0.6358173076923077 0.6153846153846154 0.05889423076923077 0.08052884615384616
4 0.7403846153846154 0.07211538461538461 0.04927884615384615 0.08052884615384616
4 0.4579326923076923 0.7283653846153846 0.04927884615384615 0.06129807692307692
4 0.22115384615384615 0.7451923076923077 0.057692307692307696 0.06129807692307692
4 0.6586538461538461 0.7475961538461539 0.04567307692307692 0.08653846153846154
4 0.6310096153846154 0.7992788461538461 0.040865384615384616 0.08052884615384616
4 0.5841346153846154 0.8641826923076923 0.05048076923076923 0.07091346153846154
4 0.41947115384615385 0.8918269230769231 0.052884615384615384 0.078125
4 0.4963942307692308 0.9086538461538461 0.042067307692307696 0.06370192307692307
4 0.59375 0.9110576923076923 0.03485576923076923 0.08413461538461539
4 0.32211538461538464 0.9122596153846154 0.04927884615384615 0.06610576923076923
4 0.2848557692307692 0.9206730769230769 0.05889423076923077 0.07091346153846154
4 0.4651442307692308 0.9651442307692307 0.03485576923076923 0.06370192307692307
4 0.5144230769230769 0.11177884615384616 0.055288461538461536 0.08653846153846154
4 0.2980769230769231 0.125 0.054086538461538464 0.06370192307692307
4 0.40625 0.17427884615384615 0.06009615384615385 0.0889423076923077
4 0.5024038461538461 0.17668269230769232 0.057692307692307696 0.06850961538461539
4 0.5132211538461539 0.21634615384615385 0.04567307692307692 0.05889423076923077
