4 0.6286057692307693 0.25600961538461536 0.03125 0.09014423076923077
4 0.9711538461538461 0.2620192307692308 0.054086538461538464 0.05889423076923077
4 0.13701923076923078 0.2620192307692308 0.026442307692307692 0.09254807692307693
4 0.49399038461538464 0.28846153846153844 0.06009615384615385 0.07572115384615384
4 0.3605769230769231 0.3004807692307692 0.046875 0.09014423076923077
4 0.030048076923076924 0.3112980769230769 0.057692307692307696 0.054086538461538464
4 0.21514423076923078 0.31971153846153844 0.05889423076923077 0.07091346153846154
4 0.1622596153846154 0.33052884615384615 0.04447115384615385 0.0829326923076923
4 0.6658653846153846 0.33533653846153844 0.046875 0.0829326923076923
4 0.4254807692307692 0.036057692307692304 0.046875 0.07091346153846154
4 0.8786057692307693 0.3581730769230769 0.05889423076923077 0.04927884615384615
4 0.3449519230769231 0.38341346153846156 0.05889423076923077 0.06129807692307692
4 0.8209134615384616 0.3870192307692308 0.057692307692307696 0.08774038461538461
4 0.7019230769230769 0.39663461538461536 0.046875 0.09254807692307693
4 0.43990384615384615 0.39783653846153844 0.04567307692307692 0.09014423076923077
4 0.9807692307692307 0.39903846153846156 0.03485576923076923 0.078125
4 0.6189903846153846 0.4387019230769231 0.042067307692307696 0.078125
4 0.48677884615384615 0.04567307692307692 0.052884615384615384 0.06610576923076923
4 0.36658653846153844 0.4423076923076923 0.0625 0.06610576923076923
4 0.47716346153846156 0.44471153846153844 0.036057692307692304 0.09014423076923077
4 0.1778846153846154 0.44711538461538464 0.055288461538461536 0.08533653846153846
4 0.27884615384615385 0.46153846153846156 0.05048076923076923 0.08533653846153846
4 0.7788461538461539 0.4699519230769231 0.05889423076923077 0.07572115384615384
4 0.1310096153846154 0.47836538461538464 0.039663461538461536 0.08774038461538461
4 0.23076923076923078 0.04927884615384615 0.028846153846153848 0.0985576923076923
4 0.7127403846153846 0.5168269230769231 0.04927884615384615 0.0733173076923077
4 0.6694711538461539 0.5180288461538461 0.03125 0.09615384615384616
4 0.9362980769230769 0.5252403846153846 0.0625 0.046875
4 0.5420673076923077 0.5384615384615384 0.057692307692307696 0.07091346153846154
4 0.7920673076923077 0.5504807692307693 0.036057692307692304 0.08533653846153846
4 0.46033653846153844 0.5685096153846154 0.039663461538461536 0.08774038461538461
4 0.31971153846153844 0.578125 0.040865384615384616 0.09254807692307693
4 0.15865384615384615 0.5793269230769231 0.042067307692307696 0.08533653846153846
4 0.6262019230769231 0.5853365384615384 0.05889423076923077 0.0829326923076923
4 0.9651442307692307 0.6117788461538461 0.052884615384615384 0.08052884615384616
4 0.7283653846153846 0.6129807692307693 0.055288461538461536 0.0829326923076923
4 0.06971153846153846 0.6177884615384616 0.039663461538461536 0.08774038461538461
4 0.5420673076923077 0.6189903846153846 0.04567307692307692 0.09014423076923077
4 0.125 0.06490384615384616 0.04447115384615385 0.07572115384615384
4 0.19230769230769232 0.6430288461538461 0.036057692307692304 0.08052884615384616
4 0.46634615384615385 0.6538461538461539 0.05048076923076923 0.078125
4 0.8028846153846154 0.6550480769230769 0.05889423076923077 0.08052884615384616
4 0.2608173076923077 0.6682692307692307 0.046875 0.09014423076923077
4 0.8605769230769231 0.6850961538461539 0.05048076923076923 0.08052884615384616
4 0.3449519230769231 0.6983173076923077 0.042067307692307696 0.08774038461538461
4 0.057692307692307696 0.7091346153846154 0.06009615384615385 0.09014423076923077
4 0.9086538461538461 0.7127403846153846 0.04927884615384615 0.0829326923076923
4 0.5372596153846154 0.7211538461538461 0.054086538461538464 0.0829326923076923
4 0.7944711538461539 0.7379807692307693 0.057692307692307696 0.0829326923076923
4 0.13942307692307693 0.7403846153846154 0.039663461538461536 0.0829326923076923
4 0.4699519230769231 0.7415865384615384 0.046875 0.09014423076923077
4 0.6574519230769231 0.7536057692307693 0.04447115384615385 0.09014423076923077
4 0.9771634615384616 0.7836538461538461 0.042067307692307696 0.056490384615384616
4 0.43149038461538464 0.7836538461538461 0.04927884615384615 0.056490384615384616
4 0.06129807692307692 0.7980769230769231 0.04447115384615385 0.07572115384615384
4 0.3894230769230769 0.08052884615384616 0.036057692307692304 0.09254807692307693
4 0.4423076923076923 0.08052884615384616 0.052884615384615384 0.0733173076923077
4 0.06850961538461539 0.08173076923076923 0.028846153846153848 0.09014423076923077
4 0.27283653846153844 0.8221153846153846 0.05889423076923077 0.06129807692307692
4 0.484375 0.8341346153846154 0.05048076923076923 0.09014423076923077
4 0.16105769230769232 0.8365384615384616 0.04447115384615385 0.09014423076923077
4 0.8689903846153846 0.8449519230769231 0.03245192307692308 0.09014423076923077
4 0.9278846153846154 0.8449519230769231 0.04447115384615385 0.07091346153846154
4 0.7151442307692307 0.8557692307692307 0.06009615384615385 0.078125
4 0.025240384615384616 0.859375 0.05048076923076923 0.09615384615384616
4 0.0829326923076923 0.859375 0.0625 0.06129807692307692
4 0.296875 0.8858173076923077 0.057692307692307696 0.06610576923076923
4 0.5757211538461539 0.8918269230769231 0.06370192307692307 0.04927884615384615
4 0.4891826923076923 0.9014423076923077 0.05048076923076923 0.054086538461538464
4 0.19951923076923078 0.9122596153846154 0.06490384615384616 0.04927884615384615
4 0.25600961538461536 0.9158653846153846 0.046875 0.06610576923076923
4 0.6634615384615384 0.9170673076923077 0.039663461538461536 0.06850961538461539
4 0.16826923076923078 0.09495192307692307 0.055288461538461536 0.07572115384615384
4 0.8100961538461539 0.9314903846153846 0.04567307692307692 0.0829326923076923
4 0.7103365384615384 0.9591346153846154 0.055288461538461536 0.056490384615384616
4 0.49158653846153844 0.9603365384615384 0.046875 0.0733173076923077
4 0.6670673076923077 0.9663461538461539 0.039663461538461536 0.06129807692307692
4 0.15144230769230768 0.9747596153846154 0.0625 0.046875
4 0.9399038461538461 0.9771634615384616 0.0673076923076923 0.042067307692307696
4 0.6394230769230769 0.11899038461538461 0.05889423076923077 0.051682692307692304
4 0.09615384615384616 0.13221153846153846 0.057692307692307696 0.03485576923076923
4 0.8509615384615384 0.15144230769230768 0.042067307692307696 0.0829326923076923
4 0.35096153846153844 0.1622596153846154 0.03485576923076923 0.09254807692307693
4 0.1971153846153846 0.16466346153846154 0.06009615384615385 0.054086538461538464
4 0.9086538461538461 0.18990384615384615 0.05889423076923077 0.09014423076923077
4 0.5913461538461539 0.1971153846153846 0.039663461538461536 0.09014423076923077
4 0.5456730769230769 0.20072115384615385 0.055288461538461536 0.05889423076923077
4 0.04447115384615385 0.22716346153846154 0.052884615384615384 0.08052884615384616
4 0.7367788461538461 0.23317307692307693 0.05889423076923077 0.06370192307692307
