4 0.9399038461538461 0.28846153846153844 0.11778846153846154 0.23798076923076922
4 0.43509615384615385 0.34975961538461536 0.08533653846153846 0.24278846153846154
4 0.5697115384615384 0.38221153846153844 0.171875 0.22596153846153846
4 0.23557692307692307 0.4110576923076923 0.08533653846153846 0.23798076923076922
4 0.7223557692307693 0.48197115384615385 0.15384615384615385 0.17427884615384615
4 0.9543269230769231 0.5372596153846154 0.08533653846153846 0.25
4 0.4375 0.5817307692307693 0.14423076923076922 0.21754807692307693
4 0.13822115384615385 0.5865384615384616 0.1778846153846154 0.2620192307692308
4 0.5144230769230769 0.6298076923076923 0.15384615384615385 0.22596153846153846
4 0.6622596153846154 0.6706730769230769 0.12860576923076922 0.23798076923076922
4 0.8004807692307693 0.7439903846153846 0.15745192307692307 0.19831730769230768
4 0.6514423076923077 0.8653846153846154 0.1622596153846154 0.1466346153846154
4 0.078125 0.8713942307692307 0.15504807692307693 0.23798076923076922
4 0.24158653846153846 0.8810096153846154 0.1622596153846154 0.2283653846153846
4 0.9014423076923077 0.9002403846153846 0.16706730769230768 0.16947115384615385
4 0.5060096153846154 0.17067307692307693 0.1622596153846154 0.12980769230769232
4 0.8353365384615384 0.1875 0.11298076923076923 0.24759615384615385
4 0.1875 0.19230769230769232 0.12139423076923077 0.22355769230769232
4 0.3425480769230769 0.21153846153846154 0.15504807692307693 0.203125
