4 0.8665865384615384 0.27524038461538464 0.06971153846153846 0.13942307692307693
4 0.5144230769230769 0.31971153846153844 0.08774038461538461 0.16466346153846154
4 0.421875 0.33774038461538464 0.11658653846153846 0.1622596153846154
4 0.6935096153846154 0.3786057692307692 0.08653846153846154 0.15384615384615385
4 0.6310096153846154 0.45913461538461536 0.11298076923076923 0.17908653846153846
4 0.5192307692307693 0.49759615384615385 0.08173076923076923 0.14182692307692307
4 0.8100961538461539 0.0625 0.08653846153846154 0.125
4 0.04927884615384615 0.6514423076923077 0.09495192307692307 0.15745192307692307
4 0.7319711538461539 0.15384615384615385 0.07572115384615384 0.1466346153846154
4 0.4795673076923077 0.17307692307692307 0.0829326923076923 0.11538461538461539
4 0.8076923076923077 0.21153846153846154 0.09615384615384616 0.14903846153846154
