4 0.71875 0.4651442307692308 0.08533653846153846 0.14182692307692307
4 0.3004807692307692 0.4699519230769231 0.0985576923076923 0.1346153846153846
4 0.9495192307692307 0.5024038461538461 0.08173076923076923 0.14182692307692307
4 0.8786057692307693 0.5997596153846154 0.07692307692307693 0.15384615384615385
4 0.4651442307692308 0.6237980769230769 0.09014423076923077 0.13942307692307693
4 0.1466346153846154 0.6658653846153846 0.11298076923076923 0.14423076923076922
4 0.7331730769230769 0.7175480769230769 0.0829326923076923 0.1466346153846154
4 0.4170673076923077 0.7620192307692307 0.11298076923076923 0.12740384615384615
4 0.5288461538461539 0.7824519230769231 0.09014423076923077 0.11298076923076923
4 0.6646634615384616 0.7944711538461539 0.09615384615384616 0.1466346153846154
