4 0.3858173076923077 0.34134615384615385 0.06610576923076923 0.11658653846153846
4 0.4855769230769231 0.35697115384615385 0.06370192307692307 0.10336538461538461
4 0.27403846153846156 0.36658653846153844 0.06129807692307692 0.10336538461538461
4 0.5480769230769231 0.40865384615384615 0.051682692307692304 0.09735576923076923
4 0.4543269230769231 0.4110576923076923 0.08774038461538461 0.07091346153846154
4 0.6334134615384616 0.4483173076923077 0.052884615384615384 0.11658653846153846
4 0.5504807692307693 0.5108173076923077 0.04927884615384615 0.109375
4 0.38221153846153844 0.5973557692307693 0.06370192307692307 0.09615384615384616
4 0.6514423076923077 0.6262019230769231 0.04927884615384615 0.11778846153846154
4 0.38341346153846156 0.7127403846153846 0.055288461538461536 0.12379807692307693
4 0.5661057692307693 0.7427884615384616 0.07091346153846154 0.09375
4 0.46033653846153844 0.18269230769230768 0.08052884615384616 0.07692307692307693
