4 0.7584134615384616 0.4519230769230769 0.06971153846153846 0.12980769230769232
4 0.4519230769230769 0.47596153846153844 0.08653846153846154 0.11778846153846154
4 0.7379807692307693 0.5432692307692307 0.09134615384615384 0.10576923076923077
4 0.28125 0.5625 0.055288461538461536 0.1201923076923077
4 0.6370192307692307 0.5805288461538461 0.09134615384615384 0.13221153846153846
4 0.44471153846153844 0.5817307692307693 0.09014423076923077 0.1346153846153846
4 0.15144230769230768 0.6298076923076923 0.04447115384615385 0.12740384615384615
4 0.8846153846153846 0.671875 0.10336538461538461 0.15745192307692307
4 0.38341346153846156 0.6862980769230769 0.040865384615384616 0.08774038461538461
4 0.43028846153846156 0.6899038461538461 0.04567307692307692 0.07572115384615384
4 0.5985576923076923 0.6899038461538461 0.036057692307692304 0.14423076923076922
4 0.2127403846153846 0.6935096153846154 0.07572115384615384 0.13221153846153846
4 0.4735576923076923 0.7584134615384616 0.08052884615384616 0.14903846153846154
