4 0.5552884615384616 0.3858173076923077 0.06129807692307692 0.0625
4 0.39783653846153844 0.4879807692307692 0.04807692307692308 0.09014423076923077
4 0.7596153846153846 0.5324519230769231 0.027644230769230768 0.09134615384615384
4 0.7163461538461539 0.5673076923076923 0.036057692307692304 0.09615384615384616
4 0.6610576923076923 0.5721153846153846 0.042067307692307696 0.09014423076923077
4 0.4675480769230769 0.5925480769230769 0.0625 0.09375
4 0.5216346153846154 0.609375 0.040865384615384616 0.10697115384615384
4 0.29086538461538464 0.6418269230769231 0.06490384615384616 0.09735576923076923
4 0.6850961538461539 0.6430288461538461 0.04567307692307692 0.06610576923076923
4 0.21394230769230768 0.6466346153846154 0.042067307692307696 0.09975961538461539
4 0.35216346153846156 0.6959134615384616 0.06490384615384616 0.09014423076923077
4 0.4326923076923077 0.7103365384615384 0.0625 0.10336538461538461
4 0.6262019230769231 0.7127403846153846 0.0625 0.1045673076923077
