4 0.5649038461538461 0.23317307692307693 0.05048076923076923 0.07091346153846154
4 0.6862980769230769 0.2860576923076923 0.03485576923076923 0.07692307692307693
4 0.5252403846153846 0.32211538461538464 0.04807692307692308 0.07692307692307693
4 0.6237980769230769 0.3269230769230769 0.039663461538461536 0.07451923076923077
4 0.4230769230769231 0.3485576923076923 0.04447115384615385 0.06009615384615385
4 0.025240384615384616 0.3629807692307692 0.05048076923076923 0.06610576923076923
4 0.19591346153846154 0.3713942307692308 0.03485576923076923 0.07091346153846154
4 0.3473557692307692 0.46875 0.056490384615384616 0.07932692307692307
4 0.47836538461538464 0.4807692307692308 0.039663461538461536 0.06009615384615385
4 0.4987980769230769 0.5324519230769231 0.039663461538461536 0.056490384615384616
4 0.45552884615384615 0.5480769230769231 0.04927884615384615 0.06009615384615385
4 0.07572115384615384 0.5757211538461539 0.057692307692307696 0.04927884615384615
4 0.14543269230769232 0.6201923076923077 0.038461538461538464 0.08052884615384616
4 0.78125 0.6682692307692307 0.06009615384615385 0.037259615384615384
4 0.9615384615384616 0.6694711538461539 0.0625 0.040865384615384616
4 0.4579326923076923 0.6959134615384616 0.027644230769230768 0.08653846153846154
4 0.6454326923076923 0.7067307692307693 0.03365384615384615 0.09014423076923077
4 0.5120192307692307 0.75 0.05889423076923077 0.07932692307692307
4 0.3545673076923077 0.7800480769230769 0.04326923076923077 0.07692307692307693
4 0.7512019230769231 0.8028846153846154 0.04567307692307692 0.07932692307692307
4 0.19471153846153846 0.8064903846153846 0.054086538461538464 0.09014423076923077
4 0.8858173076923077 0.8088942307692307 0.06850961538461539 0.0673076923076923
4 0.4423076923076923 0.8221153846153846 0.0625 0.06370192307692307
4 0.9639423076923077 0.8317307692307693 0.06971153846153846 0.0625
4 0.7235576923076923 0.8353365384615384 0.06009615384615385 0.039663461538461536
4 0.056490384615384616 0.8978365384615384 0.042067307692307696 0.08774038461538461
4 0.018028846153846152 0.9375 0.036057692307692304 0.09375
4 0.13221153846153846 0.9615384615384616 0.06129807692307692 0.0733173076923077
