4 0.6009615384615384 0.21033653846153846 0.0673076923076923 0.07932692307692307
4 0.6778846153846154 0.21394230769230768 0.08173076923076923 0.1201923076923077
4 0.7524038461538461 0.25961538461538464 0.0733173076923077 0.1141826923076923
4 0.4110576923076923 0.26322115384615385 0.06610576923076923 0.09014423076923077
4 0.5817307692307693 0.31850961538461536 0.052884615384615384 0.11057692307692307
4 0.43028846153846156 0.34375 0.05048076923076923 0.09375
4 0.19591346153846154 0.3605769230769231 0.06850961538461539 0.07451923076923077
4 0.12139423076923077 0.44711538461538464 0.06490384615384616 0.08052884615384616
4 0.7235576923076923 0.4651442307692308 0.05048076923076923 0.11658653846153846
4 0.8125 0.4831730769230769 0.06971153846153846 0.08413461538461539
4 0.7740384615384616 0.546875 0.07091346153846154 0.11778846153846154
4 0.054086538461538464 0.5793269230769231 0.06850961538461539 0.09014423076923077
4 0.5336538461538461 0.5889423076923077 0.057692307692307696 0.11658653846153846
4 0.48197115384615385 0.6298076923076923 0.04927884615384615 0.1201923076923077
4 0.29086538461538464 0.75 0.06971153846153846 0.09615384615384616
4 0.5288461538461539 0.7632211538461539 0.056490384615384616 0.1141826923076923
4 0.9591346153846154 0.7824519230769231 0.07572115384615384 0.11298076923076923
4 0.5697115384615384 0.8485576923076923 0.08052884615384616 0.109375
4 0.30408653846153844 0.9266826923076923 0.07692307692307693 0.07932692307692307
4 0.2932692307692308 0.1310096153846154 0.06971153846153846 0.06370192307692307
4 0.5120192307692307 0.15144230769230768 0.07451923076923077 0.11057692307692307
4 0.4326923076923077 0.16826923076923078 0.07572115384615384 0.10697115384615384
