4 0.30288461538461536 0.2620192307692308 0.021634615384615384 0.04807692307692308
4 0.6057692307692307 0.29086538461538464 0.03245192307692308 0.04567307692307692
4 0.41586538461538464 0.2932692307692308 0.03485576923076923 0.037259615384615384
4 0.4519230769230769 0.2980769230769231 0.037259615384615384 0.03485576923076923
4 0.5396634615384616 0.3016826923076923 0.03485576923076923 0.040865384615384616
4 0.6814903846153846 0.30288461538461536 0.028846153846153848 0.026442307692307692
4 0.34975961538461536 0.3112980769230769 0.016826923076923076 0.04326923076923077
4 0.2439903846153846 0.3293269230769231 0.039663461538461536 0.030048076923076924
4 0.6262019230769231 0.33653846153846156 0.036057692307692304 0.03245192307692308
4 0.3762019230769231 0.33774038461538464 0.042067307692307696 0.039663461538461536
4 0.29927884615384615 0.35216346153846156 0.021634615384615384 0.040865384615384616
4 0.3786057692307692 0.36658653846153844 0.03125 0.03485576923076923
4 0.7596153846153846 0.36658653846153844 0.036057692307692304 0.030048076923076924
4 0.5408653846153846 0.3713942307692308 0.039663461538461536 0.05048076923076923
4 0.265625 0.37740384615384615 0.03485576923076923 0.026442307692307692
4 0.30528846153846156 0.39302884615384615 0.03485576923076923 0.040865384615384616
4 0.6622596153846154 0.39302884615384615 0.03125 0.05048076923076923
4 0.4014423076923077 0.4050480769230769 0.02403846153846154 0.04326923076923077
4 0.8076923076923077 0.42788461538461536 0.037259615384615384 0.028846153846153848
4 0.6237980769230769 0.4362980769230769 0.036057692307692304 0.04326923076923077
4 0.7644230769230769 0.4362980769230769 0.021634615384615384 0.04326923076923077
4 0.18028846153846154 0.44350961538461536 0.03245192307692308 0.04567307692307692
4 0.26802884615384615 0.46033653846153844 0.028846153846153848 0.05048076923076923
4 0.6598557692307693 0.46875 0.039663461538461536 0.056490384615384616
4 0.5072115384615384 0.4807692307692308 0.037259615384615384 0.054086538461538464
4 0.6105769230769231 0.4855769230769231 0.03245192307692308 0.04326923076923077
4 0.16706730769230768 0.49399038461538464 0.04447115384615385 0.06129807692307692
4 0.5757211538461539 0.49399038461538464 0.040865384615384616 0.04326923076923077
4 0.6971153846153846 0.49759615384615385 0.040865384615384616 0.05889423076923077
4 0.3605769230769231 0.5 0.040865384615384616 0.04567307692307692
4 0.8004807692307693 0.5060096153846154 0.039663461538461536 0.028846153846153848
4 0.7331730769230769 0.5276442307692307 0.040865384615384616 0.052884615384615384
4 0.41346153846153844 0.5300480769230769 0.042067307692307696 0.05048076923076923
4 0.3076923076923077 0.5372596153846154 0.03245192307692308 0.037259615384615384
4 0.35336538461538464 0.5492788461538461 0.03125 0.04326923076923077
4 0.4651442307692308 0.5492788461538461 0.03245192307692308 0.03485576923076923
4 0.7524038461538461 0.5516826923076923 0.02403846153846154 0.052884615384615384
4 0.13581730769230768 0.5564903846153846 0.02283653846153846 0.054086538461538464
4 0.2692307692307692 0.5576923076923077 0.040865384615384616 0.030048076923076924
4 0.6754807692307693 0.5625 0.040865384615384616 0.056490384615384616
4 0.3329326923076923 0.5637019230769231 0.03125 0.04807692307692308
4 0.43149038461538464 0.5685096153846154 0.039663461538461536 0.04807692307692308
4 0.7776442307692307 0.5709134615384616 0.03245192307692308 0.04326923076923077
4 0.6286057692307693 0.5757211538461539 0.026442307692307692 0.054086538461538464
4 0.1875 0.5877403846153846 0.039663461538461536 0.028846153846153848
4 0.5024038461538461 0.5889423076923077 0.02403846153846154 0.04567307692307692
4 0.6598557692307693 0.6057692307692307 0.02403846153846154 0.039663461538461536
4 0.5925480769230769 0.609375 0.027644230769230768 0.040865384615384616
4 0.7043269230769231 0.609375 0.02283653846153846 0.05048076923076923
4 0.7824519230769231 0.6105769230769231 0.037259615384615384 0.037259615384615384
4 0.5276442307692307 0.6358173076923077 0.036057692307692304 0.039663461538461536
4 0.23798076923076922 0.6466346153846154 0.04567307692307692 0.052884615384615384
4 0.6742788461538461 0.6682692307692307 0.042067307692307696 0.052884615384615384
4 0.22355769230769232 0.6838942307692307 0.019230769230769232 0.04326923076923077
4 0.2860576923076923 0.6911057692307693 0.016826923076923076 0.052884615384615384
4 0.6189903846153846 0.7103365384615384 0.040865384615384616 0.04807692307692308
4 0.6971153846153846 0.7139423076923077 0.039663461538461536 0.04567307692307692
4 0.5288461538461539 0.7211538461538461 0.039663461538461536 0.052884615384615384
4 0.6538461538461539 0.7223557692307693 0.040865384615384616 0.04567307692307692
4 0.38100961538461536 0.7415865384615384 0.03125 0.05048076923076923
4 0.2512019230769231 0.7475961538461539 0.019230769230769232 0.06129807692307692
4 0.47836538461538464 0.7560096153846154 0.02403846153846154 0.056490384615384616
