4 0.47115384615384615 0.22716346153846154 0.03485576923076923 0.06129807692307692
4 0.5084134615384616 0.27283653846153844 0.038461538461538464 0.052884615384615384
4 0.5264423076923077 0.3245192307692308 0.04807692307692308 0.08052884615384616
4 0.7355769230769231 0.3293269230769231 0.056490384615384616 0.07451923076923077
4 0.5661057692307693 0.3545673076923077 0.04807692307692308 0.06971153846153846
4 0.6322115384615384 0.359375 0.05889423076923077 0.0829326923076923
4 0.8978365384615384 0.3629807692307692 0.051682692307692304 0.052884615384615384
4 0.36538461538461536 0.4543269230769231 0.03485576923076923 0.05048076923076923
4 0.7391826923076923 0.05048076923076923 0.037259615384615384 0.052884615384615384
4 0.7007211538461539 0.53125 0.04567307692307692 0.0673076923076923
4 0.6430288461538461 0.5913461538461539 0.04567307692307692 0.0733173076923077
4 0.7127403846153846 0.6033653846153846 0.03485576923076923 0.07692307692307693
4 0.4411057692307692 0.6418269230769231 0.04567307692307692 0.06610576923076923
4 0.8942307692307693 0.6574519230769231 0.04447115384615385 0.078125
4 0.9134615384615384 0.7560096153846154 0.06490384615384616 0.056490384615384616
4 0.34975961538461536 0.796875 0.06129807692307692 0.057692307692307696
4 0.6394230769230769 0.8245192307692307 0.04326923076923077 0.0733173076923077
4 0.6754807692307693 0.8377403846153846 0.0625 0.057692307692307696
4 0.8076923076923077 0.125 0.040865384615384616 0.04927884615384615
