4 0.6009615384615384 0.2548076923076923 0.052884615384615384 0.07572115384615384
4 0.5877403846153846 0.3125 0.05889423076923077 0.09014423076923077
4 0.9326923076923077 0.4170673076923077 0.046875 0.078125
4 0.11177884615384616 0.45913461538461536 0.03485576923076923 0.08533653846153846
4 0.08052884615384616 0.5444711538461539 0.040865384615384616 0.0733173076923077
4 0.7055288461538461 0.5540865384615384 0.0673076923076923 0.09254807692307693
4 0.5637019230769231 0.5661057692307693 0.0625 0.09735576923076923
4 0.8882211538461539 0.6911057692307693 0.03485576923076923 0.09735576923076923
4 0.8473557692307693 0.7415865384615384 0.03125 0.09735576923076923
4 0.6923076923076923 0.7487980769230769 0.04447115384615385 0.09254807692307693
4 0.47716346153846156 0.8052884615384616 0.05889423076923077 0.09254807692307693
4 0.4423076923076923 0.8725961538461539 0.0673076923076923 0.08533653846153846
