4 0.04567307692307692 0.24759615384615385 0.07211538461538461 0.10817307692307693
4 0.36538461538461536 0.25841346153846156 0.0733173076923077 0.08533653846153846
4 0.4879807692307692 0.2644230769230769 0.06971153846153846 0.11298076923076923
4 0.27403846153846156 0.2668269230769231 0.06009615384615385 0.054086538461538464
4 0.6935096153846154 0.27163461538461536 0.054086538461538464 0.04447115384615385
4 0.6262019230769231 0.27283653846153844 0.039663461538461536 0.09615384615384616
4 0.8569711538461539 0.27403846153846156 0.04447115384615385 0.09254807692307693
4 0.5384615384615384 0.3125 0.0733173076923077 0.08052884615384616
4 0.7512019230769231 0.03365384615384615 0.05048076923076923 0.06610576923076923
4 0.8221153846153846 0.3233173076923077 0.06370192307692307 0.06850961538461539
4 0.109375 0.3245192307692308 0.07211538461538461 0.056490384615384616
4 0.4206730769230769 0.3425480769230769 0.046875 0.10336538461538461
4 0.9206730769230769 0.34615384615384615 0.06370192307692307 0.0985576923076923
4 0.5925480769230769 0.3485576923076923 0.06850961538461539 0.04447115384615385
4 0.3701923076923077 0.35096153846153844 0.057692307692307696 0.0985576923076923
4 0.7584134615384616 0.3557692307692308 0.042067307692307696 0.0985576923076923
4 0.2932692307692308 0.36778846153846156 0.037259615384615384 0.10336538461538461
4 0.34134615384615385 0.390625 0.05889423076923077 0.09615384615384616
4 0.03245192307692308 0.3918269230769231 0.054086538461538464 0.05889423076923077
4 0.8629807692307693 0.3954326923076923 0.052884615384615384 0.09014423076923077
4 0.7764423076923077 0.39903846153846156 0.04447115384615385 0.078125
4 0.5721153846153846 0.4266826923076923 0.07211538461538461 0.10817307692307693
4 0.7271634615384616 0.4338942307692308 0.055288461538461536 0.06850961538461539
4 0.6634615384615384 0.4375 0.06490384615384616 0.08533653846153846
4 0.9627403846153846 0.04567307692307692 0.039663461538461536 0.09014423076923077
4 0.5108173076923077 0.4411057692307692 0.05048076923076923 0.10336538461538461
4 0.4074519230769231 0.46033653846153844 0.04447115384615385 0.09254807692307693
4 0.25 0.4639423076923077 0.05889423076923077 0.06129807692307692
4 0.9675480769230769 0.47836538461538464 0.06009615384615385 0.09254807692307693
4 0.15745192307692307 0.05048076923076923 0.055288461538461536 0.08052884615384616
4 0.7644230769230769 0.49038461538461536 0.04447115384615385 0.08774038461538461
4 0.33052884615384615 0.4987980769230769 0.06370192307692307 0.07091346153846154
4 0.1658653846153846 0.5036057692307693 0.03485576923076923 0.10096153846153846
4 0.8293269230769231 0.5048076923076923 0.0733173076923077 0.0829326923076923
4 0.1201923076923077 0.5108173076923077 0.057692307692307696 0.09014423076923077
4 0.46153846153846156 0.5204326923076923 0.054086538461538464 0.10096153846153846
4 0.5168269230769231 0.5216346153846154 0.05048076923076923 0.0733173076923077
4 0.22355769230769232 0.5336538461538461 0.0625 0.06129807692307692
4 0.9651442307692307 0.5480769230769231 0.040865384615384616 0.08533653846153846
4 0.8762019230769231 0.5552884615384616 0.07572115384615384 0.10096153846153846
4 0.7439903846153846 0.5733173076923077 0.046875 0.10817307692307693
4 0.3004807692307692 0.578125 0.06490384615384616 0.0829326923076923
4 0.38822115384615385 0.5865384615384616 0.06971153846153846 0.056490384615384616
4 0.6237980769230769 0.05889423076923077 0.05048076923076923 0.11298076923076923
4 0.453125 0.5901442307692307 0.052884615384615384 0.04447115384615385
4 0.5228365384615384 0.5961538461538461 0.0625 0.05889423076923077
4 0.6009615384615384 0.6153846153846154 0.07572115384615384 0.10817307692307693
4 0.21514423076923078 0.6213942307692307 0.037259615384615384 0.10576923076923077
4 0.9098557692307693 0.6213942307692307 0.07211538461538461 0.06129807692307692
4 0.11057692307692307 0.6346153846153846 0.046875 0.08774038461538461
4 0.35336538461538464 0.6538461538461539 0.036057692307692304 0.10336538461538461
4 0.7668269230769231 0.6586538461538461 0.06490384615384616 0.07572115384615384
4 0.8221153846153846 0.6754807692307693 0.057692307692307696 0.08052884615384616
4 0.4230769230769231 0.6838942307692307 0.07211538461538461 0.0733173076923077
4 0.7295673076923077 0.6899038461538461 0.057692307692307696 0.051682692307692304
4 0.1658653846153846 0.6947115384615384 0.046875 0.09014423076923077
4 0.53125 0.7019230769230769 0.042067307692307696 0.09615384615384616
4 0.9759615384615384 0.7067307692307693 0.04567307692307692 0.06610576923076923
4 0.9194711538461539 0.07091346153846154 0.04447115384615385 0.0829326923076923
4 0.06610576923076923 0.7271634615384616 0.06971153846153846 0.046875
4 0.5853365384615384 0.7283653846153846 0.07572115384615384 0.06850961538461539
4 0.30288461538461536 0.7391826923076923 0.05889423076923077 0.056490384615384616
4 0.7283653846153846 0.7487980769230769 0.07211538461538461 0.06129807692307692
4 0.7908653846153846 0.7644230769230769 0.04927884615384615 0.06850961538461539
4 0.1971153846153846 0.7668269230769231 0.04927884615384615 0.054086538461538464
4 0.42788461538461536 0.7848557692307693 0.07211538461538461 0.10336538461538461
4 0.6009615384615384 0.8004807692307693 0.06971153846153846 0.07091346153846154
4 0.5504807692307693 0.8149038461538461 0.055288461538461536 0.09014423076923077
4 0.38341346153846156 0.8401442307692307 0.07211538461538461 0.10817307692307693
4 0.7079326923076923 0.8425480769230769 0.05048076923076923 0.078125
4 0.31490384615384615 0.8485576923076923 0.06490384615384616 0.06850961538461539
4 0.6442307692307693 0.8533653846153846 0.0673076923076923 0.06370192307692307
4 0.23076923076923078 0.8617788461538461 0.046875 0.08052884615384616
4 0.4495192307692308 0.8629807692307693 0.04567307692307692 0.0829326923076923
4 0.7572115384615384 0.8641826923076923 0.0673076923076923 0.06610576923076923
4 0.9278846153846154 0.8677884615384616 0.04567307692307692 0.0733173076923077
4 0.052884615384615384 0.8930288461538461 0.05889423076923077 0.10096153846153846
4 0.8689903846153846 0.9014423076923077 0.057692307692307696 0.06850961538461539
4 0.24639423076923078 0.9134615384615384 0.039663461538461536 0.10096153846153846
4 0.7103365384615384 0.9254807692307693 0.0625 0.07572115384615384
4 0.5853365384615384 0.9338942307692307 0.03245192307692308 0.10336538461538461
4 0.4014423076923077 0.9519230769230769 0.07572115384615384 0.08052884615384616
4 0.953125 0.9519230769230769 0.07572115384615384 0.09014423076923077
4 0.15865384615384615 0.953125 0.052884615384615384 0.054086538461538464
4 0.10697115384615384 0.9567307692307693 0.06009615384615385 0.08052884615384616
4 0.2127403846153846 0.9723557692307693 0.07211538461538461 0.051682692307692304
4 0.32211538461538464 0.10216346153846154 0.06490384615384616 0.11057692307692307
4 0.7764423076923077 0.11298076923076923 0.06850961538461539 0.10336538461538461
4 0.3870192307692308 0.11538461538461539 0.06009615384615385 0.0733173076923077
4 0.47836538461538464 0.125 0.07211538461538461 0.04927884615384615
4 0.6622596153846154 0.12620192307692307 0.052884615384615384 0.10576923076923077
4 0.15985576923076922 0.12860576923076922 0.054086538461538464 0.08052884615384616
4 0.71875 0.12980769230769232 0.04567307692307692 0.06370192307692307
4 0.23076923076923078 0.1310096153846154 0.06850961538461539 0.11057692307692307
4 0.44711538461538464 0.15865384615384615 0.05048076923076923 0.046875
4 0.6189903846153846 0.1778846153846154 0.0829326923076923 0.07572115384615384
4 0.8569711538461539 0.18509615384615385 0.054086538461538464 0.06129807692307692
4 0.5372596153846154 0.19110576923076922 0.06971153846153846 0.05889423076923077
4 0.39663461538461536 0.19591346153846154 0.054086538461538464 0.11298076923076923
4 0.7175480769230769 0.19831730769230768 0.054086538461538464 0.06850961538461539
4 0.19230769230769232 0.20192307692307693 0.05889423076923077 0.06129807692307692
4 0.7848557692307693 0.21394230769230768 0.0625 0.042067307692307696
4 0.9074519230769231 0.22115384615384615 0.042067307692307696 0.09254807692307693
4 0.42788461538461536 0.24278846153846154 0.057692307692307696 0.08774038461538461
