4 0.6622596153846154 0.24519230769230768 0.04567307692307692 0.15144230769230768
4 0.6021634615384616 0.27163461538461536 0.06370192307692307 0.0829326923076923
4 0.45913461538461536 0.29447115384615385 0.07211538461538461 0.0829326923076923
4 0.8401442307692307 0.29927884615384615 0.0673076923076923 0.12259615384615384
4 0.7091346153846154 0.3125 0.042067307692307696 0.13942307692307693
4 0.36778846153846156 0.32091346153846156 0.08173076923076923 0.078125
4 0.28725961538461536 0.32572115384615385 0.09615384615384616 0.12740384615384615
4 0.8605769230769231 0.41586538461538464 0.042067307692307696 0.15985576923076922
4 0.3449519230769231 0.42908653846153844 0.1045673076923077 0.1466346153846154
4 0.6514423076923077 0.4651442307692308 0.1141826923076923 0.13701923076923078
4 0.4831730769230769 0.484375 0.11658653846153846 0.17427884615384615
4 0.5925480769230769 0.05048076923076923 0.09254807692307693 0.10096153846153846
4 0.3485576923076923 0.5216346153846154 0.11778846153846154 0.039663461538461536
4 0.23798076923076922 0.5480769230769231 0.06009615384615385 0.11057692307692307
4 0.5336538461538461 0.5492788461538461 0.07692307692307693 0.171875
4 0.9471153846153846 0.640625 0.10096153846153846 0.13942307692307693
4 0.6586538461538461 0.6442307692307693 0.028846153846153848 0.12740384615384615
4 0.22596153846153846 0.6586538461538461 0.06971153846153846 0.15384615384615385
4 0.27524038461538464 0.7139423076923077 0.03485576923076923 0.125
4 0.5144230769230769 0.7199519230769231 0.09254807692307693 0.13942307692307693
4 0.7415865384615384 0.7379807692307693 0.11899038461538461 0.1814903846153846
4 0.4326923076923077 0.7596153846153846 0.04927884615384615 0.15144230769230768
4 0.2764423076923077 0.8305288461538461 0.078125 0.1466346153846154
4 0.5504807692307693 0.9146634615384616 0.042067307692307696 0.16706730769230768
4 0.49278846153846156 0.9375 0.09254807692307693 0.1201923076923077
4 0.41947115384615385 0.9483173076923077 0.109375 0.0985576923076923
4 0.27403846153846156 0.1935096153846154 0.06850961538461539 0.13701923076923078
