4 0.6394230769230769 0.2932692307692308 0.039663461538461536 0.07091346153846154
4 0.3269230769230769 0.31009615384615385 0.026442307692307692 0.08533653846153846
4 0.6983173076923077 0.38341346153846156 0.05048076923076923 0.08533653846153846
4 0.36177884615384615 0.42908653846153844 0.057692307692307696 0.09254807692307693
4 0.49158653846153844 0.4362980769230769 0.0625 0.054086538461538464
4 0.7872596153846154 0.4543269230769231 0.03245192307692308 0.08533653846153846
4 0.15144230769230768 0.4675480769230769 0.036057692307692304 0.08774038461538461
4 0.7728365384615384 0.5036057692307693 0.039663461538461536 0.09014423076923077
4 0.40384615384615385 0.5240384615384616 0.06370192307692307 0.04927884615384615
4 0.5360576923076923 0.5240384615384616 0.052884615384615384 0.0985576923076923
4 0.203125 0.5492788461538461 0.04927884615384615 0.078125
4 0.36899038461538464 0.5805288461538461 0.04927884615384615 0.05889423076923077
4 0.7632211538461539 0.5841346153846154 0.052884615384615384 0.08052884615384616
4 0.625 0.5985576923076923 0.06370192307692307 0.04927884615384615
4 0.6670673076923077 0.6358173076923077 0.02283653846153846 0.09014423076923077
4 0.6971153846153846 0.6394230769230769 0.02403846153846154 0.0985576923076923
4 0.3401442307692308 0.6682692307692307 0.06009615384615385 0.06610576923076923
4 0.4879807692307692 0.6911057692307693 0.03485576923076923 0.09254807692307693
4 0.5853365384615384 0.7572115384615384 0.040865384615384616 0.09254807692307693
4 0.8100961538461539 0.7596153846153846 0.03485576923076923 0.0985576923076923
4 0.7560096153846154 0.8149038461538461 0.04567307692307692 0.09014423076923077
4 0.59375 0.8365384615384616 0.03125 0.10096153846153846
