4 0.6021634615384616 0.25240384615384615 0.12860576923076922 0.0985576923076923
4 0.46274038461538464 0.32091346153846156 0.13942307692307693 0.10817307692307693
4 0.24278846153846154 0.35216346153846156 0.10576923076923077 0.10576923076923077
4 0.4831730769230769 0.4723557692307692 0.14903846153846154 0.20793269230769232
4 0.28966346153846156 0.48677884615384615 0.11899038461538461 0.16466346153846154
4 0.3737980769230769 0.5817307692307693 0.13341346153846154 0.21754807692307693
4 0.6959134615384616 0.6262019230769231 0.12740384615384615 0.203125
4 0.2668269230769231 0.6478365384615384 0.09975961538461539 0.20793269230769232
4 0.578125 0.6598557692307693 0.10576923076923077 0.20072115384615385
4 0.3425480769230769 0.7908653846153846 0.14182692307692307 0.1935096153846154
4 0.5288461538461539 0.14302884615384615 0.08173076923076923 0.1935096153846154
