4 0.44471153846153844 0.2668269230769231 0.046875 0.08052884615384616
4 0.5985576923076923 0.3245192307692308 0.028846153846153848 0.06009615384615385
4 0.7884615384615384 0.41225961538461536 0.05048076923076923 0.07451923076923077
4 0.5288461538461539 0.43990384615384615 0.04927884615384615 0.08774038461538461
4 0.8365384615384616 0.44591346153846156 0.052884615384615384 0.08774038461538461
4 0.21033653846153846 0.4519230769230769 0.06370192307692307 0.07692307692307693
4 0.5084134615384616 0.578125 0.05048076923076923 0.09495192307692307
4 0.14783653846153846 0.5949519230769231 0.054086538461538464 0.09615384615384616
4 0.41947115384615385 0.6033653846153846 0.06971153846153846 0.08774038461538461
4 0.2668269230769231 0.7067307692307693 0.07211538461538461 0.09254807692307693
4 0.5216346153846154 0.7151442307692307 0.027644230769230768 0.10336538461538461
4 0.3449519230769231 0.7920673076923077 0.055288461538461536 0.09615384615384616
