4 0.054086538461538464 0.13341346153846154 0.10697115384615384 0.15384615384615385
4 0.27163461538461536 0.17067307692307693 0.19951923076923078 0.171875
4 0.47596153846153844 0.20072115384615385 0.11057692307692307 0.1502403846153846
4 0.13822115384615385 0.25961538461538464 0.20072115384615385 0.15865384615384615
4 0.7560096153846154 0.35096153846153844 0.18629807692307693 0.14903846153846154
4 0.20673076923076922 0.3605769230769231 0.14182692307692307 0.13942307692307693
4 0.33052884615384615 0.40625 0.19951923076923078 0.1502403846153846
4 0.09014423076923077 0.453125 0.14783653846153846 0.14903846153846154
4 0.7151442307692307 0.4567307692307692 0.1502403846153846 0.11658653846153846
4 0.9206730769230769 0.47596153846153844 0.15625 0.1502403846153846
4 0.5793269230769231 0.5372596153846154 0.1971153846153846 0.140625
4 0.25600961538461536 0.5901442307692307 0.17548076923076922 0.14783653846153846
4 0.7427884615384616 0.6225961538461539 0.1502403846153846 0.1201923076923077
4 0.8882211538461539 0.625 0.19591346153846154 0.13341346153846154
4 0.5024038461538461 0.6598557692307693 0.18028846153846154 0.12259615384615384
4 0.08413461538461539 0.6814903846153846 0.16706730769230768 0.15384615384615385
4 0.7908653846153846 0.8353365384615384 0.18389423076923078 0.11538461538461539
4 0.4110576923076923 0.8930288461538461 0.16346153846153846 0.1346153846153846
4 0.6081730769230769 0.9326923076923077 0.1875 0.12980769230769232
4 0.16105769230769232 0.9375 0.1778846153846154 0.12259615384615384
