4 0.8100961538461539 0.4495192307692308 0.026442307692307692 0.08052884615384616
4 0.7536057692307693 0.45072115384615385 0.036057692307692304 0.10216346153846154
4 0.3629807692307692 0.47836538461538464 0.040865384615384616 0.18269230769230768
4 0.8557692307692307 0.4807692307692308 0.026442307692307692 0.10216346153846154
4 0.6538461538461539 0.5252403846153846 0.04447115384615385 0.10697115384615384
4 0.7019230769230769 0.5661057692307693 0.03125 0.09375
4 0.2512019230769231 0.6189903846153846 0.042067307692307696 0.19110576923076922
4 0.8257211538461539 0.6322115384615384 0.026442307692307692 0.11538461538461539
4 0.7632211538461539 0.6490384615384616 0.036057692307692304 0.09735576923076923
4 0.3401442307692308 0.6574519230769231 0.0733173076923077 0.17427884615384615
4 0.6466346153846154 0.4110576923076923 0.02403846153846154 0.09735576923076923
