4 0.5600961538461539 0.31009615384615385 0.06370192307692307 0.14423076923076922
4 0.3713942307692308 0.31490384615384615 0.0985576923076923 0.06129807692307692
4 0.8425480769230769 0.33052884615384615 0.09134615384615384 0.10817307692307693
4 0.9302884615384616 0.3389423076923077 0.078125 0.14423076923076922
4 0.29447115384615385 0.359375 0.05889423076923077 0.15384615384615385
4 0.4387019230769231 0.36778846153846156 0.09615384615384616 0.0733173076923077
4 0.26322115384615385 0.45072115384615385 0.08774038461538461 0.11778846153846154
4 0.578125 0.453125 0.0985576923076923 0.12740384615384615
4 0.6742788461538461 0.4639423076923077 0.09254807692307693 0.11538461538461539
4 0.49158653846153844 0.47115384615384615 0.09014423076923077 0.12259615384615384
4 0.46634615384615385 0.5420673076923077 0.0733173076923077 0.13701923076923078
4 0.3401442307692308 0.5877403846153846 0.0625 0.15745192307692307
4 0.6466346153846154 0.5949519230769231 0.078125 0.13942307692307693
4 0.4963942307692308 0.6899038461538461 0.10336538461538461 0.125
4 0.6009615384615384 0.7151442307692307 0.0985576923076923 0.12259615384615384
4 0.71875 0.7463942307692307 0.1045673076923077 0.125
4 0.43028846153846156 0.7548076923076923 0.10096153846153846 0.12740384615384615
4 0.34615384615384615 0.8413461538461539 0.1045673076923077 0.125
4 0.6081730769230769 0.23317307692307693 0.08052884615384616 0.09254807692307693
