4 0.3125 0.2824519230769231 0.040865384615384616 0.13581730769230768
4 0.44350961538461536 0.28846153846153844 0.09014423076923077 0.11298076923076923
4 0.47596153846153844 0.421875 0.037259615384615384 0.11057692307692307
4 0.15144230769230768 0.4567307692307692 0.0829326923076923 0.1502403846153846
4 0.04927884615384615 0.48197115384615385 0.05889423076923077 0.1310096153846154
4 0.6802884615384616 0.49399038461538464 0.10096153846153846 0.14543269230769232
4 0.3485576923076923 0.546875 0.08533653846153846 0.04927884615384615
4 0.7463942307692307 0.5769230769230769 0.06971153846153846 0.18269230769230768
4 0.9074519230769231 0.6213942307692307 0.09014423076923077 0.1201923076923077
4 0.04447115384615385 0.6622596153846154 0.08653846153846154 0.11298076923076923
4 0.828125 0.6778846153846154 0.0673076923076923 0.14302884615384615
4 0.33774038461538464 0.7067307692307693 0.042067307692307696 0.11298076923076923
4 0.1310096153846154 0.7067307692307693 0.10576923076923077 0.14302884615384615
4 0.44350961538461536 0.7427884615384616 0.08052884615384616 0.09615384615384616
4 0.8641826923076923 0.9146634615384616 0.07572115384615384 0.16466346153846154
4 0.6971153846153846 0.12259615384615384 0.10096153846153846 0.13822115384615385
