4 0.4579326923076923 0.49759615384615385 0.08052884615384616 0.078125
4 0.5637019230769231 0.5036057692307693 0.07932692307692307 0.0829326923076923
4 0.3485576923076923 0.5204326923076923 0.07932692307692307 0.08052884615384616
4 0.4074519230769231 0.5552884615384616 0.07932692307692307 0.078125
4 0.5492788461538461 0.6394230769230769 0.07932692307692307 0.0733173076923077
4 0.6141826923076923 0.6538461538461539 0.07932692307692307 0.07451923076923077
4 0.3629807692307692 0.65625 0.08052884615384616 0.07692307692307693
4 0.2860576923076923 0.6646634615384616 0.07932692307692307 0.078125
4 0.7824519230769231 0.6658653846153846 0.08173076923076923 0.07451923076923077
4 0.4855769230769231 0.6670673076923077 0.08173076923076923 0.07211538461538461
4 0.41586538461538464 0.7127403846153846 0.07932692307692307 0.06971153846153846
