4 0.6526442307692307 0.31971153846153844 0.046875 0.07572115384615384
4 0.7163461538461539 0.37740384615384615 0.05048076923076923 0.0829326923076923
4 0.4026442307692308 0.3894230769230769 0.0673076923076923 0.11298076923076923
4 0.46634615384615385 0.43149038461538464 0.046875 0.12740384615384615
4 0.5625 0.5492788461538461 0.04447115384615385 0.12740384615384615
4 0.35096153846153844 0.5877403846153846 0.08173076923076923 0.11298076923076923
4 0.43509615384615385 0.5925480769230769 0.09014423076923077 0.11778846153846154
4 0.6213942307692307 0.7127403846153846 0.09134615384615384 0.11298076923076923
4 0.3125 0.7163461538461539 0.09134615384615384 0.11057692307692307
4 0.5216346153846154 0.22716346153846154 0.042067307692307696 0.06610576923076923
