4 0.47716346153846156 0.2512019230769231 0.0733173076923077 0.06850961538461539
4 0.5985576923076923 0.2860576923076923 0.07572115384615384 0.07932692307692307
4 0.47115384615384615 0.33774038461538464 0.06971153846153846 0.12379807692307693
4 0.7680288461538461 0.3425480769230769 0.04447115384615385 0.13341346153846154
4 0.41225961538461536 0.3449519230769231 0.09735576923076923 0.11538461538461539
4 0.6165865384615384 0.36899038461538464 0.06610576923076923 0.11658653846153846
4 0.33533653846153844 0.3762019230769231 0.056490384615384616 0.10697115384615384
4 0.6502403846153846 0.3762019230769231 0.06009615384615385 0.10096153846153846
4 0.18990384615384615 0.39302884615384615 0.0733173076923077 0.1201923076923077
4 0.23557692307692307 0.4495192307692308 0.0889423076923077 0.11658653846153846
4 0.2980769230769231 0.45072115384615385 0.04807692307692308 0.12379807692307693
4 0.5168269230769231 0.46033653846153844 0.08653846153846154 0.0889423076923077
4 0.7956730769230769 0.4891826923076923 0.07572115384615384 0.12379807692307693
4 0.4579326923076923 0.49399038461538464 0.036057692307692304 0.10576923076923077
4 0.6454326923076923 0.5288461538461539 0.09495192307692307 0.11658653846153846
4 0.734375 0.5444711538461539 0.09134615384615384 0.11899038461538461
4 0.5649038461538461 0.5504807692307693 0.09615384615384616 0.1201923076923077
4 0.5204326923076923 0.59375 0.056490384615384616 0.1346153846153846
4 0.1502403846153846 0.5973557692307693 0.09254807692307693 0.1201923076923077
4 0.3858173076923077 0.6009615384615384 0.0829326923076923 0.07932692307692307
4 0.24879807692307693 0.6189903846153846 0.1045673076923077 0.11899038461538461
4 0.8233173076923077 0.6658653846153846 0.06370192307692307 0.12379807692307693
4 0.3762019230769231 0.6887019230769231 0.07692307692307693 0.13341346153846154
4 0.6814903846153846 0.7463942307692307 0.10336538461538461 0.12379807692307693
4 0.7836538461538461 0.7608173076923077 0.09495192307692307 0.125
