4 0.4987980769230769 0.28365384615384615 0.030048076923076924 0.0733173076923077
4 0.5612980769230769 0.3329326923076923 0.052884615384615384 0.06009615384615385
4 0.44711538461538464 0.34975961538461536 0.051682692307692304 0.07451923076923077
4 0.25600961538461536 0.3581730769230769 0.03245192307692308 0.0673076923076923
4 0.7163461538461539 0.3629807692307692 0.046875 0.06009615384615385
4 0.46033653846153844 0.3858173076923077 0.04567307692307692 0.06610576923076923
4 0.8545673076923077 0.4026442307692308 0.02403846153846154 0.07211538461538461
4 0.5552884615384616 0.4050480769230769 0.057692307692307696 0.07692307692307693
4 0.20673076923076922 0.4807692307692308 0.03125 0.07451923076923077
4 0.609375 0.5024038461538461 0.057692307692307696 0.07091346153846154
4 0.17067307692307693 0.5192307692307693 0.052884615384615384 0.0625
4 0.3389423076923077 0.5264423076923077 0.046875 0.04447115384615385
4 0.4326923076923077 0.5360576923076923 0.04326923076923077 0.07692307692307693
4 0.3786057692307692 0.5432692307692307 0.040865384615384616 0.07451923076923077
4 0.6346153846153846 0.5600961538461539 0.039663461538461536 0.07211538461538461
4 0.5048076923076923 0.5721153846153846 0.039663461538461536 0.07091346153846154
4 0.32572115384615385 0.5793269230769231 0.05048076923076923 0.06610576923076923
4 0.18269230769230768 0.5793269230769231 0.04326923076923077 0.0625
4 0.40865384615384615 0.5841346153846154 0.03365384615384615 0.06971153846153846
4 0.22596153846153846 0.5973557692307693 0.056490384615384616 0.06850961538461539
4 0.5697115384615384 0.6466346153846154 0.042067307692307696 0.07692307692307693
4 0.4266826923076923 0.6670673076923077 0.056490384615384616 0.051682692307692304
4 0.09735576923076923 0.6706730769230769 0.05889423076923077 0.06610576923076923
4 0.21634615384615385 0.7007211538461539 0.04567307692307692 0.051682692307692304
4 0.390625 0.7091346153846154 0.026442307692307692 0.07932692307692307
4 0.2536057692307692 0.7379807692307693 0.054086538461538464 0.06850961538461539
