4 0.3737980769230769 0.25600961538461536 0.09254807692307693 0.10096153846153846
4 0.28966346153846156 0.2668269230769231 0.057692307692307696 0.13701923076923078
4 0.04447115384615385 0.2776442307692308 0.054086538461538464 0.14903846153846154
4 0.7295673076923077 0.35096153846153844 0.09014423076923077 0.12740384615384615
4 0.5552884615384616 0.35336538461538464 0.06850961538461539 0.14182692307692307
4 0.8810096153846154 0.3870192307692308 0.08052884615384616 0.15745192307692307
4 0.2824519230769231 0.43990384615384615 0.09254807692307693 0.07091346153846154
4 0.1622596153846154 0.46153846153846156 0.0829326923076923 0.10576923076923077
4 0.9675480769230769 0.46634615384615385 0.06009615384615385 0.15985576923076922
4 0.5276442307692307 0.46634615384615385 0.0985576923076923 0.16947115384615385
4 0.057692307692307696 0.47596153846153844 0.08774038461538461 0.12259615384615384
4 0.42427884615384615 0.5048076923076923 0.09975961538461539 0.0829326923076923
4 0.6430288461538461 0.055288461538461536 0.0829326923076923 0.11057692307692307
4 0.14423076923076922 0.057692307692307696 0.055288461538461536 0.11538461538461539
4 0.08173076923076923 0.5829326923076923 0.04927884615384615 0.13701923076923078
4 0.5180288461538461 0.5877403846153846 0.10817307692307693 0.14182692307692307
4 0.7079326923076923 0.6442307692307693 0.08173076923076923 0.13221153846153846
4 0.6057692307692307 0.6586538461538461 0.08052884615384616 0.14423076923076922
4 0.2980769230769231 0.6646634615384616 0.0673076923076923 0.1622596153846154
4 0.12379807692307693 0.7079326923076923 0.10336538461538461 0.0733173076923077
4 0.8161057692307693 0.7103365384615384 0.09615384615384616 0.171875
4 0.7127403846153846 0.7872596153846154 0.057692307692307696 0.1622596153846154
4 0.296875 0.8185096153846154 0.06490384615384616 0.13221153846153846
4 0.8100961538461539 0.8677884615384616 0.11298076923076923 0.11778846153846154
4 0.09014423076923077 0.9050480769230769 0.09615384615384616 0.08052884615384616
4 0.546875 0.9423076923076923 0.06490384615384616 0.11057692307692307
4 0.9639423076923077 0.1045673076923077 0.06850961538461539 0.14423076923076922
4 0.36899038461538464 0.12259615384615384 0.10096153846153846 0.09254807692307693
4 0.6129807692307693 0.13581730769230768 0.07692307692307693 0.14903846153846154
4 0.13701923076923078 0.18269230769230768 0.08052884615384616 0.14903846153846154
4 0.5516826923076923 0.22235576923076922 0.037259615384615384 0.125
4 0.7043269230769231 0.23798076923076922 0.0985576923076923 0.11778846153846154
