4 0.7235576923076923 0.25721153846153844 0.036057692307692304 0.06850961538461539
4 0.47716346153846156 0.3269230769230769 0.042067307692307696 0.06129807692307692
4 0.421875 0.328125 0.06009615384615385 0.04447115384615385
4 0.33533653846153844 0.3317307692307692 0.037259615384615384 0.056490384615384616
4 0.2091346153846154 0.35216346153846156 0.055288461538461536 0.051682692307692304
4 0.5685096153846154 0.36177884615384615 0.04927884615384615 0.046875
4 0.8377403846153846 0.3798076923076923 0.026442307692307692 0.06370192307692307
4 0.04326923076923077 0.42427884615384615 0.054086538461538464 0.13221153846153846
4 0.328125 0.44350961538461536 0.04927884615384615 0.18629807692307693
4 0.8173076923076923 0.44471153846153844 0.040865384615384616 0.056490384615384616
4 0.35336538461538464 0.49399038461538464 0.04927884615384615 0.042067307692307696
4 0.6478365384615384 0.4963942307692308 0.054086538461538464 0.09615384615384616
4 0.4735576923076923 0.5108173076923077 0.09615384615384616 0.13942307692307693
4 0.8762019230769231 0.5132211538461539 0.052884615384615384 0.09014423076923077
4 0.25961538461538464 0.5228365384615384 0.07211538461538461 0.06610576923076923
4 0.7103365384615384 0.5576923076923077 0.057692307692307696 0.06129807692307692
4 0.9098557692307693 0.5661057692307693 0.03125 0.0733173076923077
4 0.18990384615384615 0.5793269230769231 0.12860576923076922 0.11057692307692307
4 0.6370192307692307 0.5949519230769231 0.06370192307692307 0.10096153846153846
4 0.8161057692307693 0.6045673076923077 0.03125 0.056490384615384616
4 0.0673076923076923 0.6237980769230769 0.07211538461538461 0.09615384615384616
4 0.4483173076923077 0.6262019230769231 0.05048076923076923 0.1201923076923077
4 0.30288461538461536 0.6442307692307693 0.10576923076923077 0.20552884615384615
4 0.5444711538461539 0.6586538461538461 0.046875 0.051682692307692304
4 0.9098557692307693 0.6658653846153846 0.06009615384615385 0.07572115384615384
4 0.5805288461538461 0.7235576923076923 0.054086538461538464 0.06850961538461539
4 0.06490384615384616 0.7331730769230769 0.0829326923076923 0.10817307692307693
4 0.4699519230769231 0.734375 0.04447115384615385 0.06610576923076923
4 0.7211538461538461 0.7740384615384616 0.036057692307692304 0.06850961538461539
4 0.9074519230769231 0.8016826923076923 0.057692307692307696 0.0733173076923077
4 0.9723557692307693 0.8173076923076923 0.052884615384615384 0.10576923076923077
4 0.8125 0.8173076923076923 0.04567307692307692 0.06129807692307692
4 0.7415865384615384 0.8810096153846154 0.0829326923076923 0.10576923076923077
4 0.8377403846153846 0.8918269230769231 0.0673076923076923 0.09254807692307693
4 0.9807692307692307 0.8930288461538461 0.036057692307692304 0.042067307692307696
4 0.8605769230769231 0.9302884615384616 0.046875 0.06610576923076923
4 0.5132211538461539 0.9399038461538461 0.03245192307692308 0.06129807692307692
4 0.2644230769230769 0.9435096153846154 0.04447115384615385 0.10817307692307693
4 0.9507211538461539 0.9447115384615384 0.0733173076923077 0.10576923076923077
4 0.5540865384615384 0.9591346153846154 0.042067307692307696 0.07572115384615384
4 0.46634615384615385 0.15865384615384615 0.05048076923076923 0.09615384615384616
4 0.4807692307692308 0.234375 0.055288461538461536 0.056490384615384616
