4 0.5865384615384616 0.22355769230769232 0.0733173076923077 0.1310096153846154
4 0.71875 0.25 0.06971153846153846 0.11899038461538461
4 0.8497596153846154 0.25 0.06610576923076923 0.11899038461538461
4 0.6610576923076923 0.28846153846153844 0.0673076923076923 0.12740384615384615
4 0.30288461538461536 0.296875 0.08173076923076923 0.14182692307692307
4 0.4098557692307692 0.2980769230769231 0.0829326923076923 0.13942307692307693
4 0.23798076923076922 0.35096153846153844 0.07572115384615384 0.12860576923076922
4 0.7091346153846154 0.3870192307692308 0.07451923076923077 0.12860576923076922
4 0.8125 0.38822115384615385 0.06971153846153846 0.1201923076923077
4 0.4483173076923077 0.39663461538461536 0.0733173076923077 0.13942307692307693
4 0.36177884615384615 0.4026442307692308 0.0829326923076923 0.13942307692307693
4 0.5120192307692307 0.41346153846153844 0.0829326923076923 0.13701923076923078
4 0.6129807692307693 0.43509615384615385 0.08413461538461539 0.14182692307692307
4 0.7175480769230769 0.5 0.07211538461538461 0.1141826923076923
4 0.12620192307692307 0.5649038461538461 0.07932692307692307 0.13341346153846154
4 0.47716346153846156 0.5685096153846154 0.0733173076923077 0.12740384615384615
4 0.8858173076923077 0.6298076923076923 0.0673076923076923 0.125
4 0.1814903846153846 0.6526442307692307 0.07932692307692307 0.13341346153846154
4 0.5408653846153846 0.6526442307692307 0.0673076923076923 0.125
4 0.3088942307692308 0.6538461538461539 0.07692307692307693 0.1346153846153846
4 0.4014423076923077 0.6754807692307693 0.08052884615384616 0.13341346153846154
4 0.24639423076923078 0.7331730769230769 0.07572115384615384 0.1310096153846154
4 0.13581730769230768 0.7788461538461539 0.0829326923076923 0.13942307692307693
4 0.6274038461538461 0.7860576923076923 0.06971153846153846 0.125
4 0.5024038461538461 0.8197115384615384 0.07091346153846154 0.1310096153846154
4 0.7331730769230769 0.8341346153846154 0.07091346153846154 0.12860576923076922
4 0.3269230769230769 0.8413461538461539 0.07692307692307693 0.1346153846153846
4 0.37259615384615385 0.8978365384615384 0.07091346153846154 0.12860576923076922
4 0.22355769230769232 0.9050480769230769 0.07572115384615384 0.1310096153846154
4 0.12740384615384615 0.9122596153846154 0.08533653846153846 0.13341346153846154
4 0.47115384615384615 0.9134615384615384 0.07692307692307693 0.12740384615384615
4 0.7007211538461539 0.14903846153846154 0.0733173076923077 0.1346153846153846
4 0.4326923076923077 0.16947115384615385 0.08052884615384616 0.1310096153846154
4 0.09615384615384616 0.17548076923076922 0.07692307692307693 0.11899038461538461
