4 0.5120192307692307 0.5048076923076923 0.06490384615384616 0.078125
4 0.16346153846153846 0.6610576923076923 0.05889423076923077 0.08533653846153846
4 0.23076923076923078 0.6850961538461539 0.052884615384615384 0.08052884615384616
4 0.3798076923076923 0.6899038461538461 0.05048076923076923 0.09014423076923077
4 0.037259615384615384 0.7103365384615384 0.03245192307692308 0.09254807692307693
4 0.2932692307692308 0.7283653846153846 0.06971153846153846 0.04447115384615385
4 0.4423076923076923 0.7548076923076923 0.05889423076923077 0.0985576923076923
4 0.4074519230769231 0.7872596153846154 0.078125 0.11778846153846154
4 0.5036057692307693 0.7884615384615384 0.0733173076923077 0.11538461538461539
4 0.18028846153846154 0.8028846153846154 0.06009615384615385 0.11538461538461539
4 0.6033653846153846 0.8052884615384616 0.078125 0.1201923076923077
4 0.7956730769230769 0.8064903846153846 0.07211538461538461 0.054086538461538464
4 0.7115384615384616 0.8149038461538461 0.057692307692307696 0.10576923076923077
