4 0.07572115384615384 0.018028846153846152 0.028846153846153848 0.03485576923076923
4 0.7259615384615384 0.16947115384615385 0.025240384615384616 0.05048076923076923
4 0.6622596153846154 0.17067307692307693 0.02403846153846154 0.03485576923076923
4 0.5324519230769231 0.171875 0.025240384615384616 0.039663461538461536
4 0.3858173076923077 0.18389423076923078 0.027644230769230768 0.04807692307692308
4 0.4387019230769231 0.18509615384615385 0.02283653846153846 0.046875
4 0.5168269230769231 0.19110576923076922 0.027644230769230768 0.030048076923076924
4 0.4651442307692308 0.1971153846153846 0.030048076923076924 0.03125
4 0.016826923076923076 0.19951923076923078 0.03245192307692308 0.03485576923076923
4 0.054086538461538464 0.020432692307692308 0.030048076923076924 0.039663461538461536
4 0.1346153846153846 0.20192307692307693 0.03125 0.038461538461538464
4 0.19110576923076922 0.20192307692307693 0.027644230769230768 0.042067307692307696
4 0.25600961538461536 0.20192307692307693 0.026442307692307692 0.038461538461538464
4 0.7728365384615384 0.203125 0.028846153846153848 0.04326923076923077
4 0.4026442307692308 0.21153846153846154 0.030048076923076924 0.03365384615384615
4 0.06850961538461539 0.21394230769230768 0.03245192307692308 0.04447115384615385
4 0.9507211538461539 0.21875 0.03365384615384615 0.04326923076923077
4 0.3317307692307692 0.22115384615384615 0.02403846153846154 0.037259615384615384
4 0.14903846153846154 0.22716346153846154 0.019230769230769232 0.051682692307692304
4 0.03245192307692308 0.23076923076923078 0.030048076923076924 0.03485576923076923
4 0.578125 0.234375 0.026442307692307692 0.038461538461538464
4 0.6177884615384616 0.234375 0.028846153846153848 0.028846153846153848
4 0.18870192307692307 0.23798076923076922 0.036057692307692304 0.03365384615384615
4 0.7944711538461539 0.24639423076923078 0.026442307692307692 0.042067307692307696
4 0.5324519230769231 0.2512019230769231 0.021634615384615384 0.042067307692307696
4 0.47475961538461536 0.2536057692307692 0.03365384615384615 0.03485576923076923
4 0.6382211538461539 0.25961538461538464 0.03125 0.03125
4 0.7295673076923077 0.27524038461538464 0.02403846153846154 0.046875
4 0.9170673076923077 0.2800480769230769 0.03485576923076923 0.04326923076923077
4 0.06850961538461539 0.28125 0.036057692307692304 0.038461538461538464
4 0.9459134615384616 0.28125 0.02403846153846154 0.037259615384615384
4 0.02283653846153846 0.2920673076923077 0.038461538461538464 0.039663461538461536
4 0.6129807692307693 0.3076923076923077 0.03125 0.028846153846153848
4 0.1045673076923077 0.31009615384615385 0.02403846153846154 0.046875
4 0.4543269230769231 0.03125 0.028846153846153848 0.04326923076923077
4 0.4795673076923077 0.3293269230769231 0.028846153846153848 0.03485576923076923
4 0.6838942307692307 0.33052884615384615 0.03125 0.039663461538461536
4 0.9567307692307693 0.33052884615384615 0.03125 0.038461538461538464
4 0.6658653846153846 0.3389423076923077 0.03125 0.03485576923076923
4 0.24519230769230768 0.3449519230769231 0.027644230769230768 0.037259615384615384
4 0.359375 0.3449519230769231 0.03125 0.03365384615384615
4 0.18509615384615385 0.34975961538461536 0.03125 0.038461538461538464
4 0.8365384615384616 0.03485576923076923 0.027644230769230768 0.039663461538461536
4 0.27163461538461536 0.34975961538461536 0.028846153846153848 0.037259615384615384
4 0.30649038461538464 0.35096153846153844 0.027644230769230768 0.038461538461538464
4 0.6334134615384616 0.35336538461538464 0.026442307692307692 0.03365384615384615
4 0.8341346153846154 0.35697115384615385 0.03365384615384615 0.042067307692307696
4 0.3317307692307692 0.3605769230769231 0.02403846153846154 0.03365384615384615
4 0.14543269230769232 0.3629807692307692 0.02283653846153846 0.04807692307692308
4 0.5841346153846154 0.3629807692307692 0.03125 0.039663461538461536
4 0.8004807692307693 0.37259615384615385 0.036057692307692304 0.028846153846153848
4 0.203125 0.3786057692307692 0.03125 0.04326923076923077
4 0.6754807692307693 0.3786057692307692 0.019230769230769232 0.039663461538461536
4 0.23798076923076922 0.38100961538461536 0.025240384615384616 0.04447115384615385
4 0.5036057692307693 0.38100961538461536 0.03245192307692308 0.038461538461538464
4 0.5997596153846154 0.038461538461538464 0.026442307692307692 0.04326923076923077
4 0.40865384615384615 0.38341346153846156 0.03485576923076923 0.037259615384615384
4 0.09134615384615384 0.3918269230769231 0.036057692307692304 0.026442307692307692
4 0.015625 0.3954326923076923 0.03125 0.04326923076923077
4 0.7932692307692307 0.039663461538461536 0.02403846153846154 0.04326923076923077
4 0.7740384615384616 0.4110576923076923 0.036057692307692304 0.028846153846153848
4 0.15865384615384615 0.41947115384615385 0.030048076923076924 0.037259615384615384
4 0.44591346153846156 0.4230769230769231 0.03245192307692308 0.04447115384615385
4 0.2127403846153846 0.4326923076923077 0.030048076923076924 0.028846153846153848
4 0.71875 0.4387019230769231 0.025240384615384616 0.037259615384615384
4 0.03125 0.4495192307692308 0.039663461538461536 0.039663461538461536
4 0.8918269230769231 0.4519230769230769 0.03365384615384615 0.037259615384615384
4 0.5432692307692307 0.45552884615384615 0.027644230769230768 0.039663461538461536
4 0.4651442307692308 0.4579326923076923 0.03365384615384615 0.03125
4 0.8870192307692307 0.046875 0.02403846153846154 0.037259615384615384
4 0.22355769230769232 0.04807692307692308 0.028846153846153848 0.042067307692307696
4 0.27163461538461536 0.46875 0.026442307692307692 0.03365384615384615
4 0.3557692307692308 0.47716346153846156 0.027644230769230768 0.037259615384615384
4 0.8353365384615384 0.47836538461538464 0.036057692307692304 0.026442307692307692
4 0.7572115384615384 0.4795673076923077 0.03365384615384615 0.039663461538461536
4 0.1466346153846154 0.4879807692307692 0.037259615384615384 0.039663461538461536
4 0.9002403846153846 0.4879807692307692 0.028846153846153848 0.030048076923076924
4 0.051682692307692304 0.49038461538461536 0.037259615384615384 0.03365384615384615
4 0.9471153846153846 0.5144230769230769 0.02283653846153846 0.03485576923076923
4 0.5096153846153846 0.5168269230769231 0.03485576923076923 0.030048076923076924
4 0.7932692307692307 0.5228365384615384 0.03485576923076923 0.026442307692307692
4 0.4387019230769231 0.5252403846153846 0.030048076923076924 0.04447115384615385
4 0.28966346153846156 0.53125 0.02403846153846154 0.037259615384615384
4 0.8245192307692307 0.5348557692307693 0.03125 0.037259615384615384
4 0.6730769230769231 0.5420673076923077 0.03365384615384615 0.028846153846153848
4 0.9879807692307693 0.5432692307692307 0.021634615384615384 0.039663461538461536
4 0.7524038461538461 0.5564903846153846 0.026442307692307692 0.039663461538461536
4 0.9663461538461539 0.5576923076923077 0.02403846153846154 0.042067307692307696
4 0.875 0.5588942307692307 0.03485576923076923 0.038461538461538464
4 0.6899038461538461 0.5649038461538461 0.025240384615384616 0.030048076923076924
4 0.040865384615384616 0.056490384615384616 0.03125 0.037259615384615384
4 0.3233173076923077 0.5661057692307693 0.025240384615384616 0.04326923076923077
4 0.8257211538461539 0.5733173076923077 0.036057692307692304 0.030048076923076924
4 0.2956730769230769 0.5745192307692307 0.03245192307692308 0.03485576923076923
4 0.5 0.5745192307692307 0.03245192307692308 0.04326923076923077
4 0.7307692307692307 0.5757211538461539 0.026442307692307692 0.038461538461538464
4 0.6995192307692307 0.05889423076923077 0.021634615384615384 0.04326923076923077
4 0.5432692307692307 0.5877403846153846 0.025240384615384616 0.037259615384615384
4 0.25600961538461536 0.59375 0.036057692307692304 0.046875
4 0.5721153846153846 0.5961538461538461 0.026442307692307692 0.03125
4 0.2848557692307692 0.6105769230769231 0.03125 0.04326923076923077
4 0.07451923076923077 0.6153846153846154 0.03485576923076923 0.03485576923076923
4 0.4951923076923077 0.0625 0.03365384615384615 0.04807692307692308
4 0.3798076923076923 0.6189903846153846 0.030048076923076924 0.04447115384615385
4 0.5841346153846154 0.6322115384615384 0.02403846153846154 0.037259615384615384
4 0.41947115384615385 0.6322115384615384 0.030048076923076924 0.038461538461538464
4 0.5673076923076923 0.06370192307692307 0.03125 0.03485576923076923
4 0.5084134615384616 0.6382211538461539 0.030048076923076924 0.030048076923076924
4 0.6382211538461539 0.6394230769230769 0.025240384615384616 0.04326923076923077
4 0.9795673076923077 0.6454326923076923 0.026442307692307692 0.038461538461538464
4 0.7632211538461539 0.6502403846153846 0.030048076923076924 0.039663461538461536
4 0.06610576923076923 0.65625 0.037259615384615384 0.04326923076923077
4 0.3016826923076923 0.0673076923076923 0.036057692307692304 0.03485576923076923
4 0.038461538461538464 0.6694711538461539 0.03365384615384615 0.046875
4 0.953125 0.6706730769230769 0.02403846153846154 0.038461538461538464
4 0.4795673076923077 0.671875 0.02283653846153846 0.04326923076923077
4 0.5516826923076923 0.6995192307692307 0.03365384615384615 0.042067307692307696
4 0.78125 0.07091346153846154 0.03245192307692308 0.03125
4 0.16706730769230768 0.7103365384615384 0.03245192307692308 0.039663461538461536
4 0.21634615384615385 0.7223557692307693 0.027644230769230768 0.042067307692307696
4 0.47115384615384615 0.7259615384615384 0.03245192307692308 0.03485576923076923
4 0.039663461538461536 0.7331730769230769 0.03245192307692308 0.05048076923076923
4 0.7175480769230769 0.7536057692307693 0.020432692307692308 0.04326923076923077
4 0.49759615384615385 0.7752403846153846 0.03245192307692308 0.046875
4 0.8918269230769231 0.7764423076923077 0.025240384615384616 0.039663461538461536
4 0.3858173076923077 0.7788461538461539 0.03245192307692308 0.03125
4 0.7271634615384616 0.7788461538461539 0.03485576923076923 0.028846153846153848
4 0.2776442307692308 0.7824519230769231 0.036057692307692304 0.04447115384615385
4 0.08052884615384616 0.8125 0.026442307692307692 0.042067307692307696
4 0.6454326923076923 0.8161057692307693 0.02403846153846154 0.042067307692307696
4 0.5889423076923077 0.8161057692307693 0.028846153846153848 0.037259615384615384
4 0.21634615384615385 0.8233173076923077 0.030048076923076924 0.04326923076923077
4 0.1141826923076923 0.8257211538461539 0.03125 0.038461538461538464
4 0.9495192307692307 0.8329326923076923 0.026442307692307692 0.03485576923076923
4 0.7223557692307693 0.84375 0.036057692307692304 0.037259615384615384
4 0.171875 0.8521634615384616 0.02403846153846154 0.039663461538461536
4 0.8701923076923077 0.08653846153846154 0.025240384615384616 0.04326923076923077
4 0.90625 0.08653846153846154 0.03485576923076923 0.039663461538461536
4 0.8028846153846154 0.8677884615384616 0.036057692307692304 0.03485576923076923
4 0.06971153846153846 0.8798076923076923 0.037259615384615384 0.05048076923076923
4 0.7151442307692307 0.0889423076923077 0.021634615384615384 0.04447115384615385
4 0.20072115384615385 0.8930288461538461 0.037259615384615384 0.03365384615384615
4 0.9375 0.09134615384615384 0.03485576923076923 0.04447115384615385
4 0.6177884615384616 0.9002403846153846 0.03245192307692308 0.038461538461538464
4 0.10216346153846154 0.9038461538461539 0.038461538461538464 0.028846153846153848
4 0.42427884615384615 0.9050480769230769 0.02283653846153846 0.046875
4 0.6971153846153846 0.9086538461538461 0.03125 0.03485576923076923
4 0.8100961538461539 0.9086538461538461 0.030048076923076924 0.03125
4 0.15745192307692307 0.9350961538461539 0.025240384615384616 0.04326923076923077
4 0.3629807692307692 0.9375 0.020432692307692308 0.03485576923076923
4 0.5360576923076923 0.9375 0.03125 0.04447115384615385
4 0.7319711538461539 0.9387019230769231 0.036057692307692304 0.046875
4 0.1045673076923077 0.9411057692307693 0.030048076923076924 0.046875
4 0.4266826923076923 0.9435096153846154 0.027644230769230768 0.037259615384615384
4 0.04447115384615385 0.9447115384615384 0.03125 0.051682692307692304
4 0.3112980769230769 0.9495192307692307 0.03485576923076923 0.025240384615384616
4 0.1814903846153846 0.9663461538461539 0.025240384615384616 0.04326923076923077
4 0.40865384615384615 0.96875 0.026442307692307692 0.038461538461538464
4 0.10817307692307693 0.9783653846153846 0.03485576923076923 0.039663461538461536
4 0.14302884615384615 0.9807692307692307 0.03245192307692308 0.03485576923076923
4 0.38461538461538464 0.09975961538461539 0.026442307692307692 0.03485576923076923
4 0.2608173076923077 0.11538461538461539 0.027644230769230768 0.038461538461538464
4 0.5204326923076923 0.11778846153846154 0.02403846153846154 0.04447115384615385
4 0.22596153846153846 0.12139423076923077 0.028846153846153848 0.046875
4 0.9038461538461539 0.12379807692307693 0.02403846153846154 0.04447115384615385
4 0.3701923076923077 0.014423076923076924 0.028846153846153848 0.028846153846153848
4 0.18269230769230768 0.13581730769230768 0.026442307692307692 0.042067307692307696
4 0.12860576923076922 0.13701923076923078 0.03485576923076923 0.039663461538461536
4 0.5348557692307693 0.14182692307692307 0.02283653846153846 0.030048076923076924
4 0.3076923076923077 0.14783653846153846 0.03125 0.046875
4 0.8161057692307693 0.1502403846153846 0.027644230769230768 0.039663461538461536
4 0.3245192307692308 0.15625 0.03125 0.042067307692307696
4 0.09615384615384616 0.15625 0.03365384615384615 0.03485576923076923
