4 0.9038461538461539 0.018028846153846152 0.08173076923076923 0.036057692307692304
4 0.9038461538461539 0.16466346153846154 0.054086538461538464 0.05889423076923077
4 0.39903846153846156 0.18870192307692307 0.06850961538461539 0.02403846153846154
4 0.5745192307692307 0.19831730769230768 0.07091346153846154 0.037259615384615384
4 0.9663461538461539 0.21033653846153846 0.06129807692307692 0.039663461538461536
4 0.7259615384615384 0.21514423076923078 0.03485576923076923 0.054086538461538464
4 0.25240384615384615 0.2283653846153846 0.054086538461538464 0.055288461538461536
4 0.4699519230769231 0.27163461538461536 0.046875 0.04927884615384615
4 0.32091346153846156 0.27283653846153844 0.0733173076923077 0.039663461538461536
4 0.3870192307692308 0.2824519230769231 0.04447115384615385 0.046875
4 0.5853365384615384 0.2860576923076923 0.0733173076923077 0.052884615384615384
4 0.125 0.3125 0.05889423076923077 0.046875
4 0.20673076923076922 0.34375 0.08052884615384616 0.02403846153846154
4 0.5745192307692307 0.37259615384615385 0.07572115384615384 0.055288461538461536
4 0.18389423076923078 0.3762019230769231 0.03485576923076923 0.05048076923076923
4 0.7247596153846154 0.38822115384615385 0.08533653846153846 0.021634615384615384
4 0.5216346153846154 0.39903846153846156 0.05889423076923077 0.04567307692307692
4 0.3485576923076923 0.4110576923076923 0.0733173076923077 0.040865384615384616
4 0.875 0.4170673076923077 0.06370192307692307 0.036057692307692304
4 0.4230769230769231 0.43149038461538464 0.07572115384615384 0.03245192307692308
4 0.9182692307692307 0.4411057692307692 0.06610576923076923 0.042067307692307696
4 0.7728365384615384 0.44350961538461536 0.051682692307692304 0.037259615384615384
4 0.44591346153846156 0.48197115384615385 0.0733173076923077 0.04927884615384615
4 0.7980769230769231 0.48677884615384615 0.07572115384615384 0.04927884615384615
4 0.6526442307692307 0.5144230769230769 0.07572115384615384 0.052884615384615384
4 0.27884615384615385 0.5324519230769231 0.0733173076923077 0.05048076923076923
4 0.9483173076923077 0.5348557692307693 0.078125 0.055288461538461536
4 0.7740384615384616 0.5673076923076923 0.06370192307692307 0.052884615384615384
4 0.36899038461538464 0.5721153846153846 0.08533653846153846 0.04567307692307692
4 0.8413461538461539 0.5745192307692307 0.051682692307692304 0.04447115384615385
4 0.8004807692307693 0.6009615384615384 0.07091346153846154 0.02403846153846154
4 0.29927884615384615 0.6033653846153846 0.0733173076923077 0.052884615384615384
4 0.6778846153846154 0.6117788461538461 0.06610576923076923 0.054086538461538464
4 0.3137019230769231 0.6502403846153846 0.054086538461538464 0.042067307692307696
4 0.09975961538461539 0.6742788461538461 0.09014423076923077 0.05889423076923077
4 0.23918269230769232 0.6802884615384616 0.042067307692307696 0.04927884615384615
4 0.29927884615384615 0.6971153846153846 0.05889423076923077 0.046875
4 0.8786057692307693 0.6971153846153846 0.07091346153846154 0.052884615384615384
4 0.9543269230769231 0.7043269230769231 0.07091346153846154 0.04927884615384615
4 0.42908653846153844 0.71875 0.0733173076923077 0.019230769230769232
4 0.3076923076923077 0.7403846153846154 0.051682692307692304 0.042067307692307696
4 0.0673076923076923 0.7403846153846154 0.08052884615384616 0.04567307692307692
4 0.14302884615384615 0.7644230769230769 0.06129807692307692 0.04567307692307692
4 0.25 0.7704326923076923 0.0733173076923077 0.04447115384615385
4 0.042067307692307696 0.7872596153846154 0.06850961538461539 0.042067307692307696
4 0.49278846153846156 0.7980769230769231 0.0829326923076923 0.037259615384615384
4 0.8569711538461539 0.7992788461538461 0.06610576923076923 0.04927884615384615
4 0.6586538461538461 0.08173076923076923 0.046875 0.04927884615384615
4 0.7067307692307693 0.8197115384615384 0.056490384615384616 0.04447115384615385
4 0.08413461538461539 0.8233173076923077 0.06610576923076923 0.05889423076923077
4 0.38100961538461536 0.8473557692307693 0.07091346153846154 0.046875
4 0.6610576923076923 0.8569711538461539 0.056490384615384616 0.046875
4 0.5829326923076923 0.8653846153846154 0.06370192307692307 0.046875
4 0.6995192307692307 0.8725961538461539 0.037259615384615384 0.04927884615384615
4 0.8461538461538461 0.875 0.028846153846153848 0.046875
4 0.07451923076923077 0.8834134615384616 0.09014423076923077 0.04447115384615385
4 0.21754807692307693 0.8858173076923077 0.0733173076923077 0.052884615384615384
4 0.4543269230769231 0.9038461538461539 0.046875 0.046875
4 0.9002403846153846 0.9122596153846154 0.07091346153846154 0.03125
4 0.765625 0.9134615384615384 0.051682692307692304 0.042067307692307696
4 0.3088942307692308 0.09375 0.0733173076923077 0.040865384615384616
4 0.41947115384615385 0.9447115384615384 0.06850961538461539 0.03245192307692308
4 0.6069711538461539 0.9507211538461539 0.07572115384615384 0.04567307692307692
4 0.9423076923076923 0.953125 0.046875 0.04447115384615385
4 0.8004807692307693 0.09975961538461539 0.07091346153846154 0.04927884615384615
4 0.9206730769230769 0.12740384615384615 0.07572115384615384 0.02283653846153846
