4 0.9519230769230769 0.23076923076923078 0.09254807692307693 0.18990384615384615
4 0.06129807692307692 0.2776442307692308 0.11538461538461539 0.25600961538461536
4 0.5276442307692307 0.2920673076923077 0.17427884615384615 0.25
4 0.7139423076923077 0.328125 0.15745192307692307 0.1814903846153846
4 0.8701923076923077 0.4206730769230769 0.15985576923076922 0.0985576923076923
4 0.47115384615384615 0.45913461538461536 0.15865384615384615 0.15384615384615385
4 0.6430288461538461 0.5024038461538461 0.16466346153846154 0.22956730769230768
4 0.2860576923076923 0.7560096153846154 0.12139423076923077 0.23076923076923078
4 0.9555288461538461 0.8209134615384616 0.0829326923076923 0.23677884615384615
4 0.7536057692307693 0.9290865384615384 0.16826923076923078 0.13822115384615385
4 0.8521634615384616 0.1658653846153846 0.15264423076923078 0.14182692307692307
