4 0.6117788461538461 0.19471153846153846 0.09975961538461539 0.08173076923076923
4 0.48677884615384615 0.19951923076923078 0.08173076923076923 0.09975961538461539
4 0.5540865384615384 0.234375 0.08774038461538461 0.078125
4 0.8305288461538461 0.25240384615384615 0.057692307692307696 0.1141826923076923
4 0.3641826923076923 0.2668269230769231 0.06370192307692307 0.12620192307692307
4 0.4411057692307692 0.2800480769230769 0.09375 0.0829326923076923
4 0.7644230769230769 0.3088942307692308 0.038461538461538464 0.109375
4 0.5492788461538461 0.3329326923076923 0.03485576923076923 0.1310096153846154
4 0.13942307692307693 0.37259615384615385 0.10336538461538461 0.1310096153846154
4 0.5865384615384616 0.4387019230769231 0.10576923076923077 0.10096153846153846
4 0.36538461538461536 0.4411057692307692 0.08533653846153846 0.08653846153846154
4 0.04326923076923077 0.04807692307692308 0.08653846153846154 0.09615384615384616
4 0.4735576923076923 0.04927884615384615 0.06370192307692307 0.09735576923076923
4 0.2776442307692308 0.4987980769230769 0.04326923076923077 0.13221153846153846
4 0.9555288461538461 0.515625 0.08774038461538461 0.11538461538461539
4 0.8713942307692307 0.5228365384615384 0.0733173076923077 0.1045673076923077
4 0.5360576923076923 0.6394230769230769 0.037259615384615384 0.13221153846153846
4 0.4230769230769231 0.6418269230769231 0.09495192307692307 0.12139423076923077
4 0.8485576923076923 0.6742788461538461 0.0985576923076923 0.08173076923076923
4 0.10817307692307693 0.6899038461538461 0.07211538461538461 0.125
4 0.4579326923076923 0.7451923076923077 0.09254807692307693 0.12379807692307693
4 0.7079326923076923 0.7596153846153846 0.09375 0.0733173076923077
4 0.2548076923076923 0.7980769230769231 0.06370192307692307 0.1310096153846154
4 0.7860576923076923 0.7992788461538461 0.09254807692307693 0.052884615384615384
4 0.8617788461538461 0.8197115384615384 0.03245192307692308 0.1141826923076923
4 0.20552884615384615 0.8545673076923077 0.11057692307692307 0.06129807692307692
4 0.052884615384615384 0.875 0.1045673076923077 0.1310096153846154
4 0.13942307692307693 0.8846153846153846 0.06971153846153846 0.10216346153846154
4 0.6730769230769231 0.09375 0.09975961538461539 0.12620192307692307
4 0.10336538461538461 0.09615384615384616 0.10336538461538461 0.07692307692307693
4 0.9014423076923077 0.11658653846153846 0.08653846153846154 0.08653846153846154
4 0.7932692307692307 0.13341346153846154 0.08533653846153846 0.09134615384615384
4 0.038461538461538464 0.14543269230769232 0.0733173076923077 0.10216346153846154
