4 0.46274038461538464 0.2403846153846154 0.07692307692307693 0.05048076923076923
4 0.5336538461538461 0.24759615384615385 0.057692307692307696 0.09375
4 0.36177884615384615 0.3737980769230769 0.07692307692307693 0.09375
4 0.44471153846153844 0.4230769230769231 0.08173076923076923 0.030048076923076924
4 0.5060096153846154 0.47836538461538464 0.05889423076923077 0.07211538461538461
4 0.5697115384615384 0.4891826923076923 0.08173076923076923 0.05889423076923077
4 0.5913461538461539 0.5612980769230769 0.036057692307692304 0.11057692307692307
4 0.3076923076923077 0.5973557692307693 0.08052884615384616 0.1045673076923077
4 0.46033653846153844 0.6105769230769231 0.05889423076923077 0.0889423076923077
4 0.38100961538461536 0.6298076923076923 0.07692307692307693 0.08774038461538461
4 0.5745192307692307 0.6802884615384616 0.08653846153846154 0.109375
4 0.23557692307692307 0.7908653846153846 0.07692307692307693 0.109375
4 0.3545673076923077 0.9290865384615384 0.09134615384615384 0.1201923076923077
4 0.5324519230769231 0.140625 0.07211538461538461 0.05048076923076923
4 0.35096153846153844 0.19230769230769232 0.07692307692307693 0.052884615384615384
