4 0.8353365384615384 0.20673076923076922 0.10697115384615384 0.07932692307692307
4 0.45913461538461536 0.24639423076923078 0.12379807692307693 0.16706730769230768
4 0.7920673076923077 0.036057692307692304 0.11177884615384616 0.07091346153846154
4 0.7992788461538461 0.37259615384615385 0.07932692307692307 0.15144230769230768
4 0.4423076923076923 0.39663461538461536 0.11057692307692307 0.16706730769230768
4 0.6418269230769231 0.44350961538461536 0.05889423076923077 0.17427884615384615
4 0.7836538461538461 0.5456730769230769 0.10216346153846154 0.06009615384615385
4 0.30288461538461536 0.5661057692307693 0.09014423076923077 0.13942307692307693
4 0.7055288461538461 0.5757211538461539 0.1045673076923077 0.09014423076923077
4 0.7379807692307693 0.6875 0.06490384615384616 0.15985576923076922
4 0.19230769230769232 0.7259615384615384 0.12379807692307693 0.1045673076923077
4 0.6189903846153846 0.7403846153846154 0.05048076923076923 0.17067307692307693
4 0.9146634615384616 0.7475961538461539 0.08774038461538461 0.09975961538461539
4 0.07692307692307693 0.7836538461538461 0.08413461538461539 0.15384615384615385
4 0.30288461538461536 0.8125 0.12139423076923077 0.18028846153846154
4 0.9507211538461539 0.9026442307692307 0.09495192307692307 0.0673076923076923
4 0.8846153846153846 0.9519230769230769 0.10336538461538461 0.09134615384615384
4 0.6045673076923077 0.10096153846153846 0.09014423076923077 0.12740384615384615
4 0.057692307692307696 0.10817307692307693 0.09495192307692307 0.12620192307692307
4 0.3473557692307692 0.109375 0.051682692307692304 0.17067307692307693
4 0.7367788461538461 0.16466346153846154 0.08413461538461539 0.140625
