4 0.6862980769230769 0.22115384615384615 0.04447115384615385 0.07572115384615384
4 0.7175480769230769 0.22115384615384615 0.019230769230769232 0.07932692307692307
4 0.8894230769230769 0.22716346153846154 0.04447115384615385 0.06370192307692307
4 0.8305288461538461 0.23798076923076922 0.039663461538461536 0.07692307692307693
4 0.49038461538461536 0.24759615384615385 0.036057692307692304 0.057692307692307696
4 0.22235576923076922 0.2644230769230769 0.042067307692307696 0.06850961538461539
4 0.6610576923076923 0.28125 0.03365384615384615 0.07932692307692307
4 0.7043269230769231 0.29086538461538464 0.04807692307692308 0.06009615384615385
4 0.5745192307692307 0.3004807692307692 0.040865384615384616 0.052884615384615384
4 0.10216346153846154 0.3004807692307692 0.04807692307692308 0.08413461538461539
4 0.2668269230769231 0.30649038461538464 0.04567307692307692 0.06009615384615385
4 0.7740384615384616 0.30649038461538464 0.03245192307692308 0.07692307692307693
4 0.8449519230769231 0.3088942307692308 0.040865384615384616 0.055288461538461536
4 0.18269230769230768 0.31490384615384615 0.04807692307692308 0.08173076923076923
4 0.3245192307692308 0.32091346153846156 0.026442307692307692 0.06610576923076923
4 0.29447115384615385 0.35336538461538464 0.04326923076923077 0.06850961538461539
4 0.6790865384615384 0.3605769230769231 0.037259615384615384 0.07572115384615384
4 0.5600961538461539 0.3629807692307692 0.04447115384615385 0.06610576923076923
4 0.8028846153846154 0.3713942307692308 0.038461538461538464 0.07572115384615384
4 0.21995192307692307 0.37259615384615385 0.05048076923076923 0.09014423076923077
4 0.7572115384615384 0.3762019230769231 0.051682692307692304 0.052884615384615384
4 0.15264423076923078 0.38461538461538464 0.04447115384615385 0.08413461538461539
4 0.11177884615384616 0.3894230769230769 0.039663461538461536 0.07572115384615384
4 0.7896634615384616 0.04326923076923077 0.042067307692307696 0.06850961538461539
4 0.6153846153846154 0.42788461538461536 0.052884615384615384 0.08653846153846154
4 0.5120192307692307 0.4362980769230769 0.02283653846153846 0.0625
4 0.6971153846153846 0.4483173076923077 0.037259615384615384 0.06009615384615385
4 0.020432692307692308 0.45072115384615385 0.037259615384615384 0.07692307692307693
4 0.20432692307692307 0.4519230769230769 0.04567307692307692 0.06850961538461539
4 0.15985576923076922 0.453125 0.04807692307692308 0.0625
4 0.8641826923076923 0.4735576923076923 0.036057692307692304 0.07932692307692307
4 0.38100961538461536 0.47836538461538464 0.04447115384615385 0.07572115384615384
4 0.5444711538461539 0.484375 0.030048076923076924 0.04807692307692308
4 0.7536057692307693 0.4879807692307692 0.05048076923076923 0.08173076923076923
4 0.33653846153846156 0.5120192307692307 0.042067307692307696 0.06850961538461539
4 0.8004807692307693 0.5120192307692307 0.037259615384615384 0.05048076923076923
4 0.1310096153846154 0.5132211538461539 0.013221153846153846 0.057692307692307696
4 0.29086538461538464 0.5144230769230769 0.040865384615384616 0.08653846153846154
4 0.10336538461538461 0.5144230769230769 0.03245192307692308 0.06370192307692307
4 0.23798076923076922 0.515625 0.051682692307692304 0.052884615384615384
4 0.9074519230769231 0.052884615384615384 0.04326923076923077 0.07572115384615384
4 0.036057692307692304 0.5396634615384616 0.03245192307692308 0.08413461538461539
4 0.7115384615384616 0.5420673076923077 0.04807692307692308 0.07091346153846154
4 0.8533653846153846 0.5516826923076923 0.05048076923076923 0.07692307692307693
4 0.3798076923076923 0.5564903846153846 0.036057692307692304 0.08173076923076923
4 0.5348557692307693 0.06009615384615385 0.04567307692307692 0.08413461538461539
4 0.7752403846153846 0.6021634615384616 0.042067307692307696 0.052884615384615384
4 0.7403846153846154 0.6069711538461539 0.038461538461538464 0.06370192307692307
4 0.08413461538461539 0.6069711538461539 0.055288461538461536 0.0733173076923077
4 0.8677884615384616 0.6165865384615384 0.04567307692307692 0.08173076923076923
4 0.4362980769230769 0.6262019230769231 0.040865384615384616 0.09254807692307693
4 0.3137019230769231 0.6286057692307693 0.039663461538461536 0.0889423076923077
4 0.9050480769230769 0.6358173076923077 0.04447115384615385 0.09014423076923077
4 0.6298076923076923 0.6478365384615384 0.04326923076923077 0.07932692307692307
4 0.4831730769230769 0.6694711538461539 0.055288461538461536 0.09975961538461539
4 0.037259615384615384 0.6730769230769231 0.04326923076923077 0.08653846153846154
4 0.19951923076923078 0.6778846153846154 0.052884615384615384 0.09014423076923077
4 0.6021634615384616 0.06971153846153846 0.04567307692307692 0.08173076923076923
4 0.5697115384615384 0.7019230769230769 0.054086538461538464 0.042067307692307696
4 0.6502403846153846 0.7283653846153846 0.04567307692307692 0.08413461538461539
4 0.2127403846153846 0.0733173076923077 0.042067307692307696 0.057692307692307696
4 0.30288461538461536 0.7427884615384616 0.056490384615384616 0.09254807692307693
4 0.07211538461538461 0.765625 0.052884615384615384 0.08413461538461539
4 0.11899038461538461 0.7920673076923077 0.04326923076923077 0.08413461538461539
4 0.46875 0.7932692307692307 0.037259615384615384 0.0733173076923077
4 0.4050480769230769 0.7944711538461539 0.03125 0.07572115384615384
4 0.7127403846153846 0.8245192307692307 0.04807692307692308 0.06370192307692307
4 0.9170673076923077 0.828125 0.052884615384615384 0.09014423076923077
4 0.22956730769230768 0.8353365384615384 0.051682692307692304 0.09975961538461539
4 0.5192307692307693 0.84375 0.03485576923076923 0.09014423076923077
4 0.7608173076923077 0.8497596153846154 0.05048076923076923 0.057692307692307696
4 0.30408653846153844 0.8629807692307693 0.04447115384615385 0.08413461538461539
4 0.6346153846153846 0.8762019230769231 0.04447115384615385 0.07932692307692307
4 0.171875 0.8822115384615384 0.021634615384615384 0.08653846153846154
4 0.4230769230769231 0.0889423076923077 0.038461538461538464 0.07091346153846154
4 0.39302884615384615 0.9387019230769231 0.04807692307692308 0.08653846153846154
4 0.33052884615384615 0.9399038461538461 0.04927884615384615 0.057692307692307696
4 0.5144230769230769 0.9519230769230769 0.039663461538461536 0.09014423076923077
4 0.7391826923076923 0.9639423076923077 0.051682692307692304 0.06850961538461539
4 0.45913461538461536 0.10096153846153846 0.04326923076923077 0.06370192307692307
4 0.21995192307692307 0.140625 0.039663461538461536 0.06850961538461539
4 0.7415865384615384 0.14903846153846154 0.028846153846153848 0.0733173076923077
4 0.05889423076923077 0.1502403846153846 0.04927884615384615 0.06610576923076923
4 0.49158653846153844 0.16105769230769232 0.04326923076923077 0.07932692307692307
4 0.17548076923076922 0.17427884615384615 0.03365384615384615 0.07572115384615384
4 0.5372596153846154 0.18629807692307693 0.025240384615384616 0.09254807692307693
