4 0.44711538461538464 0.2548076923076923 0.042067307692307696 0.078125
4 0.31971153846153844 0.3293269230769231 0.05048076923076923 0.06610576923076923
4 0.6983173076923077 0.36899038461538464 0.06009615384615385 0.06610576923076923
4 0.42788461538461536 0.3942307692307692 0.036057692307692304 0.054086538461538464
4 0.296875 0.4182692307692308 0.04567307692307692 0.09615384615384616
4 0.38822115384615385 0.4362980769230769 0.03485576923076923 0.04927884615384615
4 0.578125 0.4699519230769231 0.046875 0.09014423076923077
4 0.47596153846153844 0.5336538461538461 0.0625 0.09014423076923077
4 0.23197115384615385 0.6370192307692307 0.04567307692307692 0.06850961538461539
4 0.6105769230769231 0.6754807692307693 0.05048076923076923 0.08533653846153846
4 0.3557692307692308 0.6814903846153846 0.0625 0.0829326923076923
4 0.7319711538461539 0.6826923076923077 0.026442307692307692 0.09615384615384616
4 0.4735576923076923 0.703125 0.06009615384615385 0.0829326923076923
4 0.6742788461538461 0.7463942307692307 0.05889423076923077 0.08052884615384616
4 0.3737980769230769 0.7740384615384616 0.06370192307692307 0.0829326923076923
