4 0.4182692307692308 0.21754807692307693 0.04807692307692308 0.0829326923076923
4 0.5901442307692307 0.39302884615384615 0.057692307692307696 0.08653846153846154
4 0.43509615384615385 0.44591346153846156 0.052884615384615384 0.07692307692307693
4 0.0985576923076923 0.49759615384615385 0.037259615384615384 0.0625
4 0.8942307692307693 0.5504807692307693 0.027644230769230768 0.08533653846153846
4 0.08774038461538461 0.5877403846153846 0.052884615384615384 0.06971153846153846
4 0.2283653846153846 0.5913461538461539 0.06370192307692307 0.09254807692307693
4 0.7944711538461539 0.6334134615384616 0.051682692307692304 0.0733173076923077
4 0.4987980769230769 0.6502403846153846 0.037259615384615384 0.0889423076923077
4 0.7091346153846154 0.6742788461538461 0.04326923076923077 0.06610576923076923
4 0.5733173076923077 0.6778846153846154 0.03485576923076923 0.0829326923076923
4 0.6622596153846154 0.6838942307692307 0.051682692307692304 0.08533653846153846
4 0.5336538461538461 0.7091346153846154 0.036057692307692304 0.0829326923076923
4 0.25240384615384615 0.7127403846153846 0.056490384615384616 0.07932692307692307
4 0.08533653846153846 0.7247596153846154 0.054086538461538464 0.06850961538461539
4 0.3293269230769231 0.7283653846153846 0.052884615384615384 0.07932692307692307
4 0.49158653846153844 0.75 0.04447115384615385 0.05048076923076923
4 0.2548076923076923 0.7788461538461539 0.05048076923076923 0.06009615384615385
4 0.18629807692307693 0.7956730769230769 0.04447115384615385 0.0733173076923077
4 0.6658653846153846 0.8365384615384616 0.040865384615384616 0.08533653846153846
4 0.4110576923076923 0.8581730769230769 0.028846153846153848 0.09014423076923077
4 0.3317307692307692 0.0985576923076923 0.025240384615384616 0.07692307692307693
