4 0.5552884615384616 0.23557692307692307 0.0625 0.11298076923076923
4 0.6286057692307693 0.27283653846153844 0.08052884615384616 0.12620192307692307
4 0.15625 0.30408653846153844 0.09014423076923077 0.1201923076923077
4 0.9278846153846154 0.30528846153846156 0.055288461538461536 0.11778846153846154
4 0.4326923076923077 0.3233173076923077 0.09254807692307693 0.07091346153846154
4 0.5492788461538461 0.3245192307692308 0.09014423076923077 0.06009615384615385
4 0.34375 0.3293269230769231 0.05048076923076923 0.1201923076923077
4 0.2776442307692308 0.3545673076923077 0.09134615384615384 0.1201923076923077
4 0.7860576923076923 0.3605769230769231 0.055288461538461536 0.11778846153846154
4 0.03245192307692308 0.39903846153846156 0.06490384615384616 0.10096153846153846
4 0.6502403846153846 0.4206730769230769 0.08533653846153846 0.08533653846153846
4 0.9206730769230769 0.43028846153846156 0.05048076923076923 0.12860576923076922
4 0.10336538461538461 0.04807692307692308 0.08173076923076923 0.09615384615384616
4 0.2668269230769231 0.46274038461538464 0.07692307692307693 0.10096153846153846
4 0.7151442307692307 0.46875 0.055288461538461536 0.12259615384615384
4 0.5228365384615384 0.47115384615384615 0.08774038461538461 0.12620192307692307
4 0.44350961538461536 0.49038461538461536 0.0829326923076923 0.125
4 0.039663461538461536 0.49399038461538464 0.078125 0.10336538461538461
4 0.15504807692307693 0.5024038461538461 0.08774038461538461 0.0829326923076923
4 0.32091346153846156 0.515625 0.07692307692307693 0.125
4 0.5985576923076923 0.5420673076923077 0.08774038461538461 0.125
4 0.9399038461538461 0.055288461538461536 0.08774038461538461 0.11057692307692307
4 0.2668269230769231 0.5733173076923077 0.0733173076923077 0.09735576923076923
4 0.7103365384615384 0.5901442307692307 0.08774038461538461 0.11057692307692307
4 0.15144230769230768 0.5973557692307693 0.06971153846153846 0.1201923076923077
4 0.53125 0.6021634615384616 0.04927884615384615 0.12259615384615384
4 0.8016826923076923 0.6081730769230769 0.08653846153846154 0.125
4 0.039663461538461536 0.6165865384615384 0.057692307692307696 0.12620192307692307
4 0.7391826923076923 0.0625 0.08653846153846154 0.1201923076923077
4 0.33413461538461536 0.640625 0.08653846153846154 0.09254807692307693
4 0.4879807692307692 0.6802884615384616 0.07211538461538461 0.11298076923076923
4 0.5829326923076923 0.6850961538461539 0.07692307692307693 0.12620192307692307
4 0.7379807692307693 0.6887019230769231 0.0829326923076923 0.12860576923076922
4 0.11298076923076923 0.6947115384615384 0.09014423076923077 0.0673076923076923
4 0.22235576923076922 0.7079326923076923 0.08774038461538461 0.06490384615384616
4 0.8377403846153846 0.07211538461538461 0.07692307692307693 0.11778846153846154
4 0.6586538461538461 0.7572115384615384 0.08774038461538461 0.1310096153846154
4 0.3641826923076923 0.7704326923076923 0.08173076923076923 0.12620192307692307
4 0.9230769230769231 0.7764423076923077 0.07572115384615384 0.1201923076923077
4 0.46274038461538464 0.7872596153846154 0.05048076923076923 0.12620192307692307
4 0.84375 0.7944711538461539 0.0829326923076923 0.055288461538461536
4 0.7596153846153846 0.8173076923076923 0.08774038461538461 0.10336538461538461
4 0.18870192307692307 0.08653846153846154 0.09014423076923077 0.09014423076923077
4 0.5444711538461539 0.8581730769230769 0.08653846153846154 0.0673076923076923
4 0.8341346153846154 0.8846153846153846 0.046875 0.125
4 0.39903846153846156 0.8942307692307693 0.08173076923076923 0.11057692307692307
4 0.6286057692307693 0.9026442307692307 0.07692307692307693 0.11298076923076923
4 0.4807692307692308 0.9278846153846154 0.08173076923076923 0.12259615384615384
4 0.08173076923076923 0.9362980769230769 0.08774038461538461 0.07572115384615384
4 0.375 0.09495192307692307 0.09014423076923077 0.0829326923076923
4 0.2512019230769231 0.9483173076923077 0.09014423076923077 0.0985576923076923
4 0.9567307692307693 0.9519230769230769 0.0829326923076923 0.09254807692307693
4 0.7271634615384616 0.9543269230769231 0.08533653846153846 0.08774038461538461
4 0.16706730769230768 0.9603365384615384 0.0829326923076923 0.0733173076923077
4 0.12379807692307693 0.14903846153846154 0.0673076923076923 0.11298076923076923
4 0.7067307692307693 0.16105769230769232 0.0829326923076923 0.12860576923076922
4 0.4675480769230769 0.1658653846153846 0.08774038461538461 0.1201923076923077
4 0.9230769230769231 0.18509615384615385 0.09134615384615384 0.11298076923076923
4 0.3137019230769231 0.18870192307692307 0.04927884615384615 0.125
