4 0.5913461538461539 0.17427884615384615 0.03245192307692308 0.0673076923076923
4 0.5012019230769231 0.17668269230769232 0.04326923076923077 0.0625
4 0.8425480769230769 0.18629807692307693 0.03245192307692308 0.07451923076923077
4 0.6658653846153846 0.19591346153846154 0.052884615384615384 0.055288461538461536
4 0.14182692307692307 0.21033653846153846 0.04807692307692308 0.06490384615384616
4 0.4074519230769231 0.23557692307692307 0.04567307692307692 0.04447115384615385
4 0.9735576923076923 0.23677884615384615 0.051682692307692304 0.046875
4 0.3713942307692308 0.025240384615384616 0.054086538461538464 0.05048076923076923
4 0.22716346153846154 0.2536057692307692 0.052884615384615384 0.07451923076923077
4 0.05889423076923077 0.2620192307692308 0.03125 0.07211538461538461
4 0.8052884615384616 0.2668269230769231 0.038461538461538464 0.0625
4 0.37740384615384615 0.26802884615384615 0.052884615384615384 0.04807692307692308
4 0.1502403846153846 0.28365384615384615 0.06009615384615385 0.046875
4 0.3954326923076923 0.3233173076923077 0.04567307692307692 0.055288461538461536
4 0.4579326923076923 0.3245192307692308 0.054086538461538464 0.04326923076923077
4 0.06610576923076923 0.3293269230769231 0.06009615384615385 0.04807692307692308
4 0.12620192307692307 0.33052884615384615 0.03365384615384615 0.07211538461538461
4 0.31009615384615385 0.33533653846153844 0.038461538461538464 0.07091346153846154
4 0.28365384615384615 0.34134615384615385 0.042067307692307696 0.06370192307692307
4 0.8197115384615384 0.3473557692307692 0.04326923076923077 0.056490384615384616
4 0.9326923076923077 0.3473557692307692 0.055288461538461536 0.07211538461538461
4 0.828125 0.36778846153846156 0.04326923076923077 0.06009615384615385
4 0.036057692307692304 0.40024038461538464 0.03485576923076923 0.07091346153846154
4 0.9002403846153846 0.40625 0.06129807692307692 0.04807692307692308
4 0.09975961538461539 0.41586538461538464 0.04567307692307692 0.07692307692307693
4 0.8449519230769231 0.42908653846153844 0.04927884615384615 0.056490384615384616
4 0.9663461538461539 0.4519230769230769 0.040865384615384616 0.07451923076923077
4 0.6682692307692307 0.45552884615384615 0.039663461538461536 0.07572115384615384
4 0.7247596153846154 0.4675480769230769 0.042067307692307696 0.07692307692307693
4 0.056490384615384616 0.47596153846153844 0.042067307692307696 0.06370192307692307
4 0.18389423076923078 0.49759615384615385 0.042067307692307696 0.0625
4 0.5925480769230769 0.5012019230769231 0.037259615384615384 0.07692307692307693
4 0.9675480769230769 0.5096153846153846 0.06129807692307692 0.04447115384615385
4 0.359375 0.5132211538461539 0.04927884615384615 0.05048076923076923
4 0.33653846153846156 0.051682692307692304 0.05048076923076923 0.055288461538461536
4 0.30649038461538464 0.5408653846153846 0.039663461538461536 0.0673076923076923
4 0.8389423076923077 0.5576923076923077 0.056490384615384616 0.0625
4 0.8966346153846154 0.057692307692307696 0.055288461538461536 0.06370192307692307
4 0.3605769230769231 0.5817307692307693 0.051682692307692304 0.07572115384615384
4 0.13942307692307693 0.6165865384615384 0.027644230769230768 0.0673076923076923
4 0.5288461538461539 0.6189903846153846 0.051682692307692304 0.07091346153846154
4 0.8990384615384616 0.6189903846153846 0.056490384615384616 0.05048076923076923
4 0.4795673076923077 0.6322115384615384 0.04927884615384615 0.056490384615384616
4 0.02283653846153846 0.6382211538461539 0.040865384615384616 0.0625
4 0.6033653846153846 0.6442307692307693 0.03365384615384615 0.07932692307692307
4 0.5180288461538461 0.06610576923076923 0.042067307692307696 0.06370192307692307
4 0.06370192307692307 0.65625 0.056490384615384616 0.051682692307692304
4 0.33653846153846156 0.6622596153846154 0.055288461538461536 0.055288461538461536
4 0.4807692307692308 0.6622596153846154 0.052884615384615384 0.051682692307692304
4 0.7175480769230769 0.6634615384615384 0.05048076923076923 0.056490384615384616
4 0.8088942307692307 0.6730769230769231 0.04927884615384615 0.06490384615384616
4 0.41466346153846156 0.6778846153846154 0.056490384615384616 0.051682692307692304
4 0.14182692307692307 0.6802884615384616 0.037259615384615384 0.07932692307692307
4 0.20072115384615385 0.7043269230769231 0.054086538461538464 0.051682692307692304
4 0.9471153846153846 0.7079326923076923 0.054086538461538464 0.0625
4 0.47475961538461536 0.7355769230769231 0.055288461538461536 0.0673076923076923
4 0.4411057692307692 0.7439903846153846 0.056490384615384616 0.0625
4 0.7139423076923077 0.7439903846153846 0.04927884615384615 0.07451923076923077
4 0.5649038461538461 0.7800480769230769 0.040865384615384616 0.05889423076923077
4 0.9242788461538461 0.7932692307692307 0.04447115384615385 0.07932692307692307
4 0.06129807692307692 0.7944711538461539 0.052884615384615384 0.06009615384615385
4 0.6814903846153846 0.7956730769230769 0.051682692307692304 0.056490384615384616
4 0.3918269230769231 0.8137019230769231 0.040865384615384616 0.08052884615384616
4 0.328125 0.8161057692307693 0.056490384615384616 0.055288461538461536
4 0.6370192307692307 0.8245192307692307 0.036057692307692304 0.0829326923076923
4 0.7139423076923077 0.0829326923076923 0.042067307692307696 0.06370192307692307
4 0.19471153846153846 0.8353365384615384 0.05048076923076923 0.055288461538461536
4 0.9627403846153846 0.8353365384615384 0.054086538461538464 0.0625
4 0.07091346153846154 0.8425480769230769 0.057692307692307696 0.052884615384615384
4 0.36899038461538464 0.8497596153846154 0.037259615384615384 0.07451923076923077
4 0.47475961538461536 0.8605769230769231 0.051682692307692304 0.055288461538461536
4 0.3918269230769231 0.09254807692307693 0.04927884615384615 0.056490384615384616
4 0.23677884615384615 0.9194711538461539 0.056490384615384616 0.07211538461538461
4 0.7367788461538461 0.9278846153846154 0.06129807692307692 0.055288461538461536
4 0.38221153846153844 0.9447115384615384 0.04326923076923077 0.0625
4 0.14302884615384615 0.09495192307692307 0.056490384615384616 0.07091346153846154
4 0.8425480769230769 0.9471153846153846 0.036057692307692304 0.08413461538461539
4 0.5612980769230769 0.9663461538461539 0.055288461538461536 0.06009615384615385
4 0.7127403846153846 0.9747596153846154 0.04927884615384615 0.04807692307692308
4 0.29086538461538464 0.10336538461538461 0.028846153846153848 0.07572115384615384
4 0.0673076923076923 0.12620192307692307 0.057692307692307696 0.07211538461538461
4 0.2668269230769231 0.16466346153846154 0.052884615384615384 0.056490384615384616
