4 0.7271634615384616 0.27884615384615385 0.09495192307692307 0.21033653846153846
4 0.12139423076923077 0.3088942307692308 0.09014423076923077 0.18629807692307693
4 0.8269230769230769 0.3545673076923077 0.09134615384615384 0.18870192307692307
4 0.5949519230769231 0.5336538461538461 0.1466346153846154 0.20793269230769232
4 0.0829326923076923 0.5444711538461539 0.12740384615384615 0.19110576923076922
4 0.3858173076923077 0.6105769230769231 0.11778846153846154 0.16706730769230768
4 0.21995192307692307 0.6995192307692307 0.11658653846153846 0.17908653846153846
4 0.49399038461538464 0.8209134615384616 0.08052884615384616 0.20072115384615385
4 0.3401442307692308 0.8882211538461539 0.13341346153846154 0.16466346153846154
4 0.15144230769230768 0.11538461538461539 0.11057692307692307 0.1814903846153846
