4 0.5853365384615384 0.3545673076923077 0.08533653846153846 0.14783653846153846
4 0.3425480769230769 0.43149038461538464 0.08052884615384616 0.14783653846153846
4 0.5649038461538461 0.5072115384615384 0.06490384615384616 0.14543269230769232
4 0.6899038461538461 0.5240384615384616 0.08533653846153846 0.15625
4 0.828125 0.5997596153846154 0.027644230769230768 0.125
4 0.14182692307692307 0.5997596153846154 0.04567307692307692 0.125
4 0.5721153846153846 0.6850961538461539 0.09014423076923077 0.14182692307692307
4 0.13581730769230768 0.7103365384615384 0.03245192307692308 0.15384615384615385
4 0.8100961538461539 0.7175480769230769 0.08052884615384616 0.15625
4 0.7115384615384616 0.7319711538461539 0.04447115384615385 0.15625
4 0.4495192307692308 0.8016826923076923 0.08533653846153846 0.14783653846153846
4 0.27884615384615385 0.8076923076923077 0.07572115384615384 0.11658653846153846
4 0.49399038461538464 0.23557692307692307 0.0625 0.11899038461538461
