4 0.6418269230769231 0.25961538461538464 0.0733173076923077 0.11298076923076923
4 0.11658653846153846 0.25961538461538464 0.03485576923076923 0.13341346153846154
4 0.9278846153846154 0.3233173076923077 0.09134615384615384 0.12379807692307693
4 0.32211538461538464 0.41586538461538464 0.03125 0.11658653846153846
4 0.9639423076923077 0.49158653846153844 0.06850961538461539 0.12860576923076922
4 0.13581730769230768 0.4987980769230769 0.09134615384615384 0.10336538461538461
4 0.3473557692307692 0.5048076923076923 0.06009615384615385 0.11658653846153846
4 0.5889423076923077 0.5180288461538461 0.054086538461538464 0.12860576923076922
4 0.7427884615384616 0.5204326923076923 0.0829326923076923 0.11298076923076923
4 0.5288461538461539 0.5276442307692307 0.09254807692307693 0.13581730769230768
4 0.27884615384615385 0.5733173076923077 0.07692307692307693 0.10817307692307693
4 0.8894230769230769 0.6117788461538461 0.08052884615384616 0.08413461538461539
4 0.09254807692307693 0.6310096153846154 0.036057692307692304 0.13581730769230768
4 0.02283653846153846 0.7007211538461539 0.04567307692307692 0.13221153846153846
4 0.8665865384615384 0.7019230769230769 0.052884615384615384 0.13581730769230768
4 0.27163461538461536 0.734375 0.0673076923076923 0.09615384615384616
4 0.06009615384615385 0.7572115384615384 0.09495192307692307 0.13581730769230768
4 0.3473557692307692 0.7704326923076923 0.06370192307692307 0.12860576923076922
4 0.8485576923076923 0.8112980769230769 0.07692307692307693 0.09134615384615384
4 0.4423076923076923 0.0829326923076923 0.06009615384615385 0.13581730769230768
4 0.9675480769230769 0.09014423076923077 0.06009615384615385 0.140625
4 0.24158653846153846 0.9122596153846154 0.08653846153846154 0.046875
4 0.15745192307692307 0.9399038461538461 0.07692307692307693 0.08173076923076923
4 0.6899038461538461 0.11298076923076923 0.06971153846153846 0.12860576923076922
4 0.5288461538461539 0.22596153846153846 0.06490384615384616 0.12620192307692307
4 0.828125 0.22716346153846154 0.08052884615384616 0.10817307692307693
