4 0.9014423076923077 0.24519230769230768 0.08173076923076923 0.06370192307692307
4 0.055288461538461536 0.26322115384615385 0.039663461538461536 0.11057692307692307
4 0.9651442307692307 0.26802884615384615 0.04567307692307692 0.10576923076923077
4 0.4170673076923077 0.27163461538461536 0.06490384615384616 0.11298076923076923
4 0.25240384615384615 0.36538461538461536 0.07692307692307693 0.06850961538461539
4 0.49399038461538464 0.38221153846153844 0.06490384615384616 0.10817307692307693
4 0.5721153846153846 0.3858173076923077 0.08173076923076923 0.07091346153846154
4 0.6418269230769231 0.3894230769230769 0.0673076923076923 0.0985576923076923
4 0.8461538461538461 0.40865384615384615 0.06370192307692307 0.08533653846153846
4 0.28725961538461536 0.4266826923076923 0.05048076923076923 0.11778846153846154
4 0.24519230769230768 0.04447115384615385 0.05889423076923077 0.078125
4 0.765625 0.4567307692307692 0.06971153846153846 0.06610576923076923
4 0.20072115384615385 0.46274038461538464 0.08533653846153846 0.06850961538461539
4 0.6971153846153846 0.47115384615384615 0.06971153846153846 0.10336538461538461
4 0.03125 0.4807692307692308 0.0625 0.06370192307692307
4 0.9375 0.5024038461538461 0.046875 0.10817307692307693
4 0.6334134615384616 0.5204326923076923 0.06850961538461539 0.07572115384615384
4 0.15384615384615385 0.5480769230769231 0.039663461538461536 0.11538461538461539
4 0.6802884615384616 0.5805288461538461 0.078125 0.06850961538461539
4 0.8377403846153846 0.5961538461538461 0.04927884615384615 0.12259615384615384
4 0.05889423076923077 0.06129807692307692 0.055288461538461536 0.10817307692307693
4 0.3798076923076923 0.6322115384615384 0.027644230769230768 0.12259615384615384
4 0.7536057692307693 0.6394230769230769 0.0673076923076923 0.08774038461538461
4 0.5408653846153846 0.6754807692307693 0.055288461538461536 0.11057692307692307
4 0.1875 0.6766826923076923 0.07211538461538461 0.08533653846153846
4 0.6634615384615384 0.7427884615384616 0.078125 0.08774038461538461
4 0.7247596153846154 0.7596153846153846 0.03485576923076923 0.11778846153846154
4 0.484375 0.07932692307692307 0.04447115384615385 0.11057692307692307
4 0.36658653846153844 0.7992788461538461 0.026442307692307692 0.12259615384615384
4 0.7680288461538461 0.8209134615384616 0.078125 0.078125
4 0.3088942307692308 0.8233173076923077 0.0625 0.04447115384615385
4 0.47596153846153844 0.8521634615384616 0.04567307692307692 0.11057692307692307
4 0.6394230769230769 0.08533653846153846 0.04927884615384615 0.11778846153846154
4 0.21754807692307693 0.8858173076923077 0.040865384615384616 0.11538461538461539
4 0.0985576923076923 0.9002403846153846 0.0733173076923077 0.07572115384615384
4 0.53125 0.9086538461538461 0.052884615384615384 0.08533653846153846
4 0.6334134615384616 0.9290865384615384 0.042067307692307696 0.10336538461538461
4 0.8834134615384616 0.9302884615384616 0.06490384615384616 0.06129807692307692
4 0.9423076923076923 0.9375 0.07211538461538461 0.07572115384615384
4 0.17668269230769232 0.9399038461538461 0.04567307692307692 0.11538461538461539
4 0.039663461538461536 0.9447115384615384 0.078125 0.06129807692307692
4 0.44471153846153844 0.9507211538461539 0.046875 0.09254807692307693
4 0.5600961538461539 0.9699519230769231 0.0829326923076923 0.056490384615384616
4 0.9807692307692307 0.11778846153846154 0.036057692307692304 0.12259615384615384
4 0.6875 0.13221153846153846 0.05048076923076923 0.11298076923076923
4 0.3473557692307692 0.13942307692307693 0.07692307692307693 0.0733173076923077
4 0.42427884615384615 0.14783653846153846 0.04567307692307692 0.11538461538461539
4 0.22716346153846154 0.17307692307692307 0.042067307692307696 0.07572115384615384
4 0.17668269230769232 0.020432692307692308 0.07932692307692307 0.040865384615384616
4 0.47475961538461536 0.21514423076923078 0.06009615384615385 0.10336538461538461
