4 0.5673076923076923 0.17908653846153846 0.040865384615384616 0.052884615384615384
4 0.44350961538461536 0.20793269230769232 0.036057692307692304 0.054086538461538464
4 0.3389423076923077 0.2127403846153846 0.039663461538461536 0.056490384615384616
4 0.7103365384615384 0.21995192307692307 0.028846153846153848 0.027644230769230768
4 0.5913461538461539 0.2247596153846154 0.039663461538461536 0.03485576923076923
4 0.5096153846153846 0.24759615384615385 0.030048076923076924 0.03485576923076923
4 0.5889423076923077 0.28966346153846156 0.028846153846153848 0.054086538461538464
4 0.4879807692307692 0.296875 0.03365384615384615 0.052884615384615384
4 0.6887019230769231 0.29927884615384615 0.020432692307692308 0.04567307692307692
4 0.45552884615384615 0.3076923076923077 0.038461538461538464 0.042067307692307696
4 0.3786057692307692 0.32211538461538464 0.040865384615384616 0.026442307692307692
4 0.3329326923076923 0.33413461538461536 0.042067307692307696 0.056490384615384616
4 0.6237980769230769 0.33533653846153844 0.037259615384615384 0.026442307692307692
4 0.6790865384615384 0.3713942307692308 0.03485576923076923 0.03485576923076923
4 0.7475961538461539 0.3713942307692308 0.030048076923076924 0.04927884615384615
4 0.4807692307692308 0.3798076923076923 0.038461538461538464 0.056490384615384616
4 0.2764423076923077 0.4338942307692308 0.037259615384615384 0.042067307692307696
4 0.5072115384615384 0.4362980769230769 0.03365384615384615 0.037259615384615384
4 0.4855769230769231 0.46033653846153844 0.026442307692307692 0.042067307692307696
4 0.24759615384615385 0.46875 0.037259615384615384 0.052884615384615384
4 0.6225961538461539 0.47596153846153844 0.03125 0.056490384615384616
4 0.25841346153846156 0.5324519230769231 0.040865384615384616 0.038461538461538464
4 0.6418269230769231 0.5685096153846154 0.026442307692307692 0.05048076923076923
4 0.28846153846153844 0.5805288461538461 0.042067307692307696 0.040865384615384616
4 0.3401442307692308 0.5901442307692307 0.02283653846153846 0.057692307692307696
4 0.5060096153846154 0.5949519230769231 0.02403846153846154 0.054086538461538464
4 0.6911057692307693 0.6310096153846154 0.040865384615384616 0.027644230769230768
4 0.49399038461538464 0.6358173076923077 0.03365384615384615 0.030048076923076924
4 0.28846153846153844 0.6622596153846154 0.036057692307692304 0.04447115384615385
4 0.40384615384615385 0.6634615384615384 0.037259615384615384 0.040865384615384616
4 0.6189903846153846 0.6911057692307693 0.037259615384615384 0.054086538461538464
4 0.5697115384615384 0.6971153846153846 0.028846153846153848 0.05048076923076923
4 0.7151442307692307 0.7079326923076923 0.039663461538461536 0.04567307692307692
4 0.3293269230769231 0.7175480769230769 0.030048076923076924 0.057692307692307696
4 0.4170673076923077 0.7259615384615384 0.039663461538461536 0.056490384615384616
4 0.8100961538461539 0.7379807692307693 0.042067307692307696 0.027644230769230768
4 0.5228365384615384 0.7403846153846154 0.040865384615384616 0.046875
4 0.2548076923076923 0.7512019230769231 0.030048076923076924 0.05048076923076923
4 0.28725961538461536 0.7668269230769231 0.042067307692307696 0.057692307692307696
4 0.3942307692307692 0.7728365384615384 0.040865384615384616 0.056490384615384616
4 0.6887019230769231 0.7860576923076923 0.042067307692307696 0.038461538461538464
4 0.7451923076923077 0.7860576923076923 0.039663461538461536 0.057692307692307696
4 0.4182692307692308 0.8149038461538461 0.038461538461538464 0.056490384615384616
4 0.3798076923076923 0.8401442307692307 0.036057692307692304 0.052884615384615384
4 0.7199519230769231 0.8641826923076923 0.020432692307692308 0.06129807692307692
4 0.5865384615384616 0.9026442307692307 0.036057692307692304 0.037259615384615384
4 0.6622596153846154 0.9074519230769231 0.030048076923076924 0.06370192307692307
4 0.5564903846153846 0.9098557692307693 0.037259615384615384 0.03125
4 0.3389423076923077 0.9110576923076923 0.03125 0.054086538461538464
4 0.47475961538461536 0.9254807692307693 0.038461538461538464 0.040865384615384616
4 0.40024038461538464 0.12620192307692307 0.036057692307692304 0.046875
4 0.24278846153846154 0.13341346153846154 0.042067307692307696 0.056490384615384616
4 0.5096153846153846 0.16826923076923078 0.040865384615384616 0.06009615384615385
