4 0.5829326923076923 0.3173076923076923 0.054086538461538464 0.10336538461538461
4 0.5084134615384616 0.3425480769230769 0.027644230769230768 0.1045673076923077
4 0.35697115384615385 0.36177884615384615 0.0673076923076923 0.0733173076923077
4 0.6105769230769231 0.39903846153846156 0.051682692307692304 0.09735576923076923
4 0.8149038461538461 0.40625 0.04567307692307692 0.0673076923076923
4 0.2512019230769231 0.41947115384615385 0.056490384615384616 0.10817307692307693
4 0.6442307692307693 0.421875 0.05048076923076923 0.07091346153846154
4 0.45552884615384615 0.42908653846153844 0.051682692307692304 0.07451923076923077
4 0.3545673076923077 0.43509615384615385 0.052884615384615384 0.10336538461538461
4 0.3954326923076923 0.5108173076923077 0.027644230769230768 0.06971153846153846
4 0.15625 0.546875 0.05048076923076923 0.06009615384615385
4 0.5588942307692307 0.5649038461538461 0.06129807692307692 0.10697115384615384
4 0.8052884615384616 0.5649038461538461 0.05048076923076923 0.06971153846153846
4 0.6105769230769231 0.5877403846153846 0.07692307692307693 0.10096153846153846
4 0.19110576923076922 0.6105769230769231 0.07572115384615384 0.09735576923076923
4 0.2692307692307692 0.6310096153846154 0.037259615384615384 0.08653846153846154
4 0.6237980769230769 0.640625 0.039663461538461536 0.08653846153846154
4 0.6442307692307693 0.7259615384615384 0.036057692307692304 0.10697115384615384
