4 0.41225961538461536 0.28365384615384615 0.04567307692307692 0.06129807692307692
4 0.7115384615384616 0.28365384615384615 0.037259615384615384 0.037259615384615384
4 0.06971153846153846 0.3112980769230769 0.05048076923076923 0.06850961538461539
4 0.32211538461538464 0.3173076923076923 0.039663461538461536 0.07091346153846154
4 0.7680288461538461 0.33774038461538464 0.04927884615384615 0.06850961538461539
4 0.5096153846153846 0.3401442307692308 0.04567307692307692 0.054086538461538464
4 0.40024038461538464 0.35697115384615385 0.042067307692307696 0.037259615384615384
4 0.6262019230769231 0.35697115384615385 0.027644230769230768 0.056490384615384616
4 0.5360576923076923 0.40865384615384615 0.03245192307692308 0.056490384615384616
4 0.2824519230769231 0.4206730769230769 0.028846153846153848 0.06129807692307692
4 0.3317307692307692 0.4254807692307692 0.039663461538461536 0.06610576923076923
4 0.29086538461538464 0.4735576923076923 0.039663461538461536 0.04927884615384615
4 0.5372596153846154 0.4951923076923077 0.04447115384615385 0.02403846153846154
4 0.3713942307692308 0.5180288461538461 0.036057692307692304 0.06129807692307692
4 0.2980769230769231 0.5204326923076923 0.046875 0.056490384615384616
4 0.45913461538461536 0.5240384615384616 0.04567307692307692 0.06850961538461539
4 0.5649038461538461 0.5360576923076923 0.042067307692307696 0.07572115384615384
4 0.21394230769230768 0.5625 0.036057692307692304 0.051682692307692304
4 0.5901442307692307 0.578125 0.04447115384615385 0.06370192307692307
4 0.43509615384615385 0.671875 0.05048076923076923 0.06850961538461539
4 0.35096153846153844 0.6754807692307693 0.04927884615384615 0.07091346153846154
4 0.3245192307692308 0.7896634615384616 0.05048076923076923 0.06850961538461539
4 0.33774038461538464 0.8497596153846154 0.046875 0.056490384615384616
4 0.11177884615384616 0.8569711538461539 0.046875 0.07091346153846154
4 0.26802884615384615 0.8762019230769231 0.04567307692307692 0.056490384615384616
4 0.3125 0.8930288461538461 0.036057692307692304 0.06610576923076923
4 0.34615384615384615 0.8942307692307693 0.040865384615384616 0.04447115384615385
4 0.49399038461538464 0.21754807692307693 0.040865384615384616 0.06850961538461539
4 0.6622596153846154 0.22115384615384615 0.021634615384615384 0.05889423076923077
