4 0.328125 0.21033653846153846 0.0673076923076923 0.04567307692307692
4 0.7463942307692307 0.21995192307692307 0.03365384615384615 0.051682692307692304
4 0.2620192307692308 0.02283653846153846 0.06129807692307692 0.04567307692307692
4 0.9627403846153846 0.24519230769230768 0.06370192307692307 0.04326923076923077
4 0.6382211538461539 0.2536057692307692 0.05048076923076923 0.036057692307692304
4 0.71875 0.2608173076923077 0.038461538461538464 0.03365384615384615
4 0.6862980769230769 0.2692307692307692 0.036057692307692304 0.042067307692307696
4 0.027644230769230768 0.2776442307692308 0.03365384615384615 0.028846153846153848
4 0.5985576923076923 0.28365384615384615 0.04447115384615385 0.054086538461538464
4 0.08774038461538461 0.28365384615384615 0.036057692307692304 0.042067307692307696
4 0.3581730769230769 0.2860576923076923 0.042067307692307696 0.037259615384615384
4 0.10216346153846154 0.31009615384615385 0.046875 0.039663461538461536
4 0.030048076923076924 0.328125 0.038461538461538464 0.016826923076923076
4 0.9411057692307693 0.3449519230769231 0.07211538461538461 0.04567307692307692
4 0.5997596153846154 0.3449519230769231 0.05889423076923077 0.051682692307692304
4 0.3473557692307692 0.036057692307692304 0.05889423076923077 0.051682692307692304
4 0.15144230769230768 0.3713942307692308 0.036057692307692304 0.028846153846153848
4 0.29447115384615385 0.3762019230769231 0.052884615384615384 0.037259615384615384
4 0.41225961538461536 0.04326923076923077 0.038461538461538464 0.039663461538461536
4 0.6838942307692307 0.421875 0.06971153846153846 0.028846153846153848
4 0.9807692307692307 0.43990384615384615 0.03365384615384615 0.042067307692307696
4 0.07091346153846154 0.44471153846153844 0.036057692307692304 0.020432692307692308
4 0.6081730769230769 0.4483173076923077 0.036057692307692304 0.04807692307692308
4 0.5540865384615384 0.4519230769230769 0.0673076923076923 0.04326923076923077
4 0.11057692307692307 0.46634615384615385 0.052884615384615384 0.039663461538461536
4 0.9146634615384616 0.484375 0.05889423076923077 0.028846153846153848
4 0.8305288461538461 0.4891826923076923 0.055288461538461536 0.051682692307692304
4 0.32091346153846156 0.5204326923076923 0.05048076923076923 0.04567307692307692
4 0.9242788461538461 0.052884615384615384 0.03365384615384615 0.039663461538461536
4 0.5324519230769231 0.5228365384615384 0.06129807692307692 0.02283653846153846
4 0.5889423076923077 0.5264423076923077 0.05889423076923077 0.028846153846153848
4 0.203125 0.5444711538461539 0.0673076923076923 0.042067307692307696
4 0.8545673076923077 0.5492788461538461 0.05048076923076923 0.025240384615384616
4 0.578125 0.5552884615384616 0.05889423076923077 0.042067307692307696
4 0.9362980769230769 0.5697115384615384 0.0673076923076923 0.04567307692307692
4 0.12139423076923077 0.5985576923076923 0.052884615384615384 0.03125
4 0.6286057692307693 0.6225961538461539 0.046875 0.028846153846153848
4 0.2800480769230769 0.6274038461538461 0.046875 0.036057692307692304
4 0.4098557692307692 0.6394230769230769 0.06129807692307692 0.02283653846153846
4 0.10817307692307693 0.6598557692307693 0.038461538461538464 0.04567307692307692
4 0.875 0.6754807692307693 0.055288461538461536 0.04326923076923077
4 0.9362980769230769 0.6875 0.06129807692307692 0.027644230769230768
4 0.9471153846153846 0.7259615384615384 0.055288461538461536 0.05048076923076923
4 0.5817307692307693 0.7319711538461539 0.055288461538461536 0.03125
4 0.11177884615384616 0.7415865384615384 0.03365384615384615 0.027644230769230768
4 0.3581730769230769 0.7439903846153846 0.06370192307692307 0.04807692307692308
4 0.07211538461538461 0.7596153846153846 0.05048076923076923 0.016826923076923076
4 0.03245192307692308 0.7608173076923077 0.042067307692307696 0.027644230769230768
4 0.9014423076923077 0.7680288461538461 0.06370192307692307 0.03365384615384615
4 0.5456730769230769 0.7836538461538461 0.05048076923076923 0.036057692307692304
4 0.09975961538461539 0.7920673076923077 0.06129807692307692 0.03125
4 0.9747596153846154 0.796875 0.04447115384615385 0.051682692307692304
4 0.3786057692307692 0.8052884615384616 0.027644230769230768 0.04567307692307692
4 0.6382211538461539 0.8112980769230769 0.055288461538461536 0.039663461538461536
4 0.41466346153846156 0.08413461538461539 0.027644230769230768 0.036057692307692304
4 0.2920673076923077 0.8377403846153846 0.06129807692307692 0.03365384615384615
4 0.15625 0.84375 0.055288461538461536 0.05048076923076923
4 0.6911057692307693 0.8533653846153846 0.07211538461538461 0.028846153846153848
4 0.8798076923076923 0.8798076923076923 0.03365384615384615 0.04326923076923077
4 0.359375 0.8858173076923077 0.04447115384615385 0.04807692307692308
4 0.3161057692307692 0.8978365384615384 0.042067307692307696 0.03365384615384615
4 0.5420673076923077 0.9002403846153846 0.06971153846153846 0.03365384615384615
4 0.43509615384615385 0.9098557692307693 0.04447115384615385 0.037259615384615384
4 0.21033653846153846 0.9110576923076923 0.030048076923076924 0.036057692307692304
4 0.9122596153846154 0.9266826923076923 0.019230769230769232 0.03365384615384615
4 0.8798076923076923 0.9302884615384616 0.05048076923076923 0.04326923076923077
4 0.1466346153846154 0.9507211538461539 0.046875 0.019230769230769232
4 0.828125 0.9627403846153846 0.036057692307692304 0.054086538461538464
4 0.18389423076923078 0.0985576923076923 0.027644230769230768 0.042067307692307696
4 0.09014423076923077 0.9831730769230769 0.07572115384615384 0.028846153846153848
4 0.5252403846153846 0.13942307692307693 0.06971153846153846 0.039663461538461536
4 0.8149038461538461 0.014423076923076924 0.014423076923076924 0.028846153846153848
4 0.7271634615384616 0.18389423076923078 0.038461538461538464 0.03365384615384615
4 0.7644230769230769 0.18990384615384615 0.025240384615384616 0.03365384615384615
4 0.9651442307692307 0.18990384615384615 0.046875 0.042067307692307696
4 0.4423076923076923 0.1971153846153846 0.04447115384615385 0.056490384615384616
4 0.3870192307692308 0.19831730769230768 0.04447115384615385 0.05048076923076923
4 0.15985576923076922 0.20192307692307693 0.042067307692307696 0.051682692307692304
