4 0.6237980769230769 0.44711538461538464 0.0829326923076923 0.1141826923076923
4 0.49158653846153844 0.4519230769230769 0.04567307692307692 0.11778846153846154
4 0.31009615384615385 0.4543269230769231 0.04326923076923077 0.08173076923076923
4 0.8701923076923077 0.5372596153846154 0.027644230769230768 0.11778846153846154
4 0.27884615384615385 0.5673076923076923 0.07211538461538461 0.11778846153846154
4 0.8389423076923077 0.5985576923076923 0.052884615384615384 0.10096153846153846
4 0.5973557692307693 0.6081730769230769 0.06971153846153846 0.08774038461538461
4 0.6730769230769231 0.6081730769230769 0.05048076923076923 0.09134615384615384
4 0.23197115384615385 0.6346153846153846 0.06009615384615385 0.08774038461538461
4 0.038461538461538464 0.6490384615384616 0.030048076923076924 0.12860576923076922
4 0.171875 0.6598557692307693 0.08173076923076923 0.1201923076923077
4 0.9459134615384616 0.6646634615384616 0.03125 0.13221153846153846
4 0.5060096153846154 0.6802884615384616 0.0625 0.12740384615384615
4 0.3473557692307692 0.6875 0.03365384615384615 0.12860576923076922
4 0.6322115384615384 0.7103365384615384 0.027644230769230768 0.1310096153846154
4 0.4170673076923077 0.7175480769230769 0.07932692307692307 0.12740384615384615
