4 0.3016826923076923 0.3918269230769231 0.07091346153846154 0.09735576923076923
4 0.859375 0.45552884615384615 0.05889423076923077 0.09615384615384616
4 0.8341346153846154 0.5096153846153846 0.05889423076923077 0.09615384615384616
4 0.6550480769230769 0.5576923076923077 0.07211538461538461 0.09615384615384616
4 0.7403846153846154 0.5588942307692307 0.052884615384615384 0.09375
4 0.5745192307692307 0.5733173076923077 0.07211538461538461 0.10336538461538461
4 0.2608173076923077 0.5769230769230769 0.04447115384615385 0.1141826923076923
4 0.1310096153846154 0.5925480769230769 0.037259615384615384 0.11298076923076923
4 0.38461538461538464 0.6045673076923077 0.0625 0.08774038461538461
4 0.6189903846153846 0.6358173076923077 0.07572115384615384 0.08653846153846154
4 0.5432692307692307 0.6682692307692307 0.07692307692307693 0.08413461538461539
4 0.8365384615384616 0.6682692307692307 0.0733173076923077 0.10336538461538461
4 0.30528846153846156 0.7175480769230769 0.07572115384615384 0.09615384615384616
4 0.20673076923076922 0.765625 0.04807692307692308 0.11658653846153846
4 0.6009615384615384 0.7788461538461539 0.06370192307692307 0.11298076923076923
4 0.3233173076923077 0.8233173076923077 0.06009615384615385 0.11298076923076923
