4 0.47475961538461536 0.43149038461538464 0.0673076923076923 0.12259615384615384
4 0.9278846153846154 0.5036057692307693 0.07692307692307693 0.09615384615384616
4 0.11057692307692307 0.5709134615384616 0.06971153846153846 0.12740384615384615
4 0.4735576923076923 0.5949519230769231 0.07572115384615384 0.10576923076923077
4 0.9627403846153846 0.640625 0.036057692307692304 0.125
4 0.12379807692307693 0.6514423076923077 0.07572115384615384 0.078125
4 0.25841346153846156 0.7163461538461539 0.08173076923076923 0.09615384615384616
4 0.953125 0.734375 0.08173076923076923 0.11057692307692307
4 0.8461538461538461 0.7487980769230769 0.046875 0.1201923076923077
4 0.6454326923076923 0.7560096153846154 0.04567307692307692 0.1201923076923077
4 0.33653846153846156 0.10817307692307693 0.06490384615384616 0.0985576923076923
4 0.4182692307692308 0.13701923076923078 0.05889423076923077 0.11298076923076923
4 0.6466346153846154 0.22235576923076922 0.040865384615384616 0.11538461538461539
