4 0.3954326923076923 0.25721153846153844 0.052884615384615384 0.08653846153846154
4 0.20793269230769232 0.3737980769230769 0.06610576923076923 0.10096153846153846
4 0.9735576923076923 0.4230769230769231 0.05048076923076923 0.09134615384615384
4 0.44350961538461536 0.4375 0.055288461538461536 0.09014423076923077
4 0.6574519230769231 0.4951923076923077 0.0625 0.10096153846153846
4 0.08533653846153846 0.5108173076923077 0.06129807692307692 0.09975961538461539
4 0.8701923076923077 0.5252403846153846 0.036057692307692304 0.07932692307692307
4 0.10336538461538461 0.6069711538461539 0.04326923076923077 0.09975961538461539
4 0.8581730769230769 0.6177884615384616 0.06490384615384616 0.08774038461538461
4 0.9206730769230769 0.6730769230769231 0.054086538461538464 0.08774038461538461
4 0.4831730769230769 0.7271634615384616 0.06129807692307692 0.08052884615384616
4 0.6165865384615384 0.75 0.07451923076923077 0.09134615384615384
4 0.09375 0.7620192307692307 0.057692307692307696 0.10096153846153846
4 0.4495192307692308 0.8425480769230769 0.03485576923076923 0.1045673076923077
4 0.15384615384615385 0.9110576923076923 0.03245192307692308 0.09615384615384616
4 0.04567307692307692 0.9375 0.038461538461538464 0.109375
4 0.28125 0.9555288461538461 0.042067307692307696 0.08413461538461539
4 0.5360576923076923 0.17067307692307693 0.06610576923076923 0.07451923076923077
