4 0.6971153846153846 0.2932692307692308 0.052884615384615384 0.06370192307692307
4 0.3329326923076923 0.296875 0.046875 0.07572115384615384
4 0.39903846153846156 0.29927884615384615 0.06009615384615385 0.08774038461538461
4 0.23076923076923078 0.3076923076923077 0.039663461538461536 0.11057692307692307
4 0.9627403846153846 0.31850961538461536 0.04447115384615385 0.078125
4 0.9098557692307693 0.3245192307692308 0.042067307692307696 0.09615384615384616
4 0.11899038461538461 0.33052884615384615 0.040865384615384616 0.11899038461538461
4 0.2824519230769231 0.33413461538461536 0.06850961538461539 0.0985576923076923
4 0.5072115384615384 0.33533653846153844 0.04447115384615385 0.10697115384615384
4 0.020432692307692308 0.3449519230769231 0.040865384615384616 0.078125
4 0.4831730769230769 0.03485576923076923 0.055288461538461536 0.06971153846153846
4 0.6322115384615384 0.35697115384615385 0.05889423076923077 0.0985576923076923
4 0.671875 0.36899038461538464 0.040865384615384616 0.11057692307692307
4 0.5396634615384616 0.3737980769230769 0.02403846153846154 0.10216346153846154
4 0.25841346153846156 0.042067307692307696 0.03125 0.08413461538461539
4 0.2439903846153846 0.41947115384615385 0.02403846153846154 0.10697115384615384
4 0.5144230769230769 0.4230769230769231 0.05889423076923077 0.055288461538461536
4 0.4170673076923077 0.42427884615384615 0.028846153846153848 0.06370192307692307
4 0.13701923076923078 0.4362980769230769 0.0733173076923077 0.11658653846153846
4 0.28966346153846156 0.45072115384615385 0.0625 0.11658653846153846
4 0.4699519230769231 0.4639423076923077 0.054086538461538464 0.055288461538461536
4 0.8461538461538461 0.4651442307692308 0.037259615384615384 0.08173076923076923
4 0.078125 0.4723557692307692 0.054086538461538464 0.04326923076923077
4 0.671875 0.47475961538461536 0.04447115384615385 0.0673076923076923
4 0.5949519230769231 0.04927884615384615 0.055288461538461536 0.06370192307692307
4 0.36899038461538464 0.49759615384615385 0.039663461538461536 0.07572115384615384
4 0.7463942307692307 0.5012019230769231 0.055288461538461536 0.09014423076923077
4 0.6153846153846154 0.5084134615384616 0.054086538461538464 0.052884615384615384
4 0.5661057692307693 0.5132211538461539 0.046875 0.10216346153846154
4 0.41225961538461536 0.5144230769230769 0.0673076923076923 0.11658653846153846
4 0.8725961538461539 0.5288461538461539 0.06490384615384616 0.11658653846153846
4 0.14182692307692307 0.5324519230769231 0.06490384615384616 0.07572115384615384
4 0.7980769230769231 0.5348557692307693 0.0673076923076923 0.11658653846153846
4 0.31009615384615385 0.5420673076923077 0.05889423076923077 0.06129807692307692
4 0.9170673076923077 0.546875 0.036057692307692304 0.06370192307692307
4 0.6694711538461539 0.5564903846153846 0.05889423076923077 0.10697115384615384
4 0.5564903846153846 0.5709134615384616 0.037259615384615384 0.09014423076923077
4 0.35697115384615385 0.5721153846153846 0.06370192307692307 0.057692307692307696
4 0.10336538461538461 0.057692307692307696 0.057692307692307696 0.06370192307692307
4 0.18509615384615385 0.5841346153846154 0.0733173076923077 0.03485576923076923
4 0.49038461538461536 0.5973557692307693 0.06490384615384616 0.06129807692307692
4 0.6310096153846154 0.5997596153846154 0.06490384615384616 0.11298076923076923
4 0.7536057692307693 0.6298076923076923 0.06850961538461539 0.11899038461538461
4 0.3173076923076923 0.6454326923076923 0.055288461538461536 0.0985576923076923
4 0.21634615384615385 0.6478365384615384 0.0733173076923077 0.07572115384615384
4 0.9146634615384616 0.6502403846153846 0.02403846153846154 0.10216346153846154
4 0.5420673076923077 0.6526442307692307 0.052884615384615384 0.09014423076923077
4 0.36899038461538464 0.6538461538461539 0.05889423076923077 0.11658653846153846
4 0.15504807692307693 0.6742788461538461 0.052884615384615384 0.08173076923076923
4 0.953125 0.6935096153846154 0.055288461538461536 0.11899038461538461
4 0.14182692307692307 0.07091346153846154 0.018028846153846152 0.09014423076923077
4 0.8918269230769231 0.7019230769230769 0.052884615384615384 0.11899038461538461
4 0.3581730769230769 0.07451923076923077 0.027644230769230768 0.08413461538461539
4 0.6466346153846154 0.7524038461538461 0.0673076923076923 0.11057692307692307
4 0.16706730769230768 0.7584134615384616 0.06370192307692307 0.08774038461538461
4 0.42427884615384615 0.7680288461538461 0.057692307692307696 0.11658653846153846
4 0.5012019230769231 0.7704326923076923 0.054086538461538464 0.11658653846153846
4 0.09134615384615384 0.7776442307692307 0.078125 0.04326923076923077
4 0.9711538461538461 0.7824519230769231 0.054086538461538464 0.08173076923076923
4 0.21153846153846154 0.7920673076923077 0.027644230769230768 0.11899038461538461
4 0.8377403846153846 0.8064903846153846 0.0733173076923077 0.06129807692307692
4 0.28966346153846156 0.8100961538461539 0.06370192307692307 0.0673076923076923
4 0.6802884615384616 0.8341346153846154 0.06850961538461539 0.07572115384615384
4 0.9014423076923077 0.8341346153846154 0.08173076923076923 0.08173076923076923
4 0.5036057692307693 0.08533653846153846 0.052884615384615384 0.06129807692307692
4 0.6201923076923077 0.8629807692307693 0.06370192307692307 0.07572115384615384
4 0.29086538461538464 0.08774038461538461 0.05889423076923077 0.028846153846153848
4 0.38341346153846156 0.8810096153846154 0.042067307692307696 0.06971153846153846
4 0.5252403846153846 0.8834134615384616 0.0733173076923077 0.06971153846153846
4 0.7319711538461539 0.8930288461538461 0.078125 0.06971153846153846
4 0.5769230769230769 0.9074519230769231 0.0625 0.09254807692307693
4 0.9146634615384616 0.09254807692307693 0.054086538461538464 0.040865384615384616
4 0.21033653846153846 0.9314903846153846 0.08052884615384616 0.11899038461538461
4 0.6418269230769231 0.9362980769230769 0.057692307692307696 0.0985576923076923
4 0.4206730769230769 0.9423076923076923 0.07692307692307693 0.11057692307692307
4 0.29447115384615385 0.9495192307692307 0.07572115384615384 0.09615384615384616
4 0.8689903846153846 0.953125 0.055288461538461536 0.08774038461538461
4 0.8605769230769231 0.11298076923076923 0.052884615384615384 0.040865384615384616
4 0.6658653846153846 0.11538461538461539 0.05048076923076923 0.07211538461538461
4 0.7788461538461539 0.12980769230769232 0.04567307692307692 0.08413461538461539
4 0.5552884615384616 0.13701923076923078 0.03125 0.1045673076923077
4 0.1310096153846154 0.14783653846153846 0.03125 0.09254807692307693
4 0.4675480769230769 0.15504807692307693 0.06009615384615385 0.078125
4 0.9579326923076923 0.15504807692307693 0.057692307692307696 0.08413461538461539
4 0.36778846153846156 0.15745192307692307 0.052884615384615384 0.06370192307692307
4 0.8725961538461539 0.17307692307692307 0.04927884615384615 0.078125
4 0.6862980769230769 0.17548076923076922 0.042067307692307696 0.09014423076923077
4 0.7331730769230769 0.1814903846153846 0.055288461538461536 0.078125
4 0.6394230769230769 0.1875 0.037259615384615384 0.09014423076923077
4 0.6057692307692307 0.20793269230769232 0.028846153846153848 0.08413461538461539
4 0.49399038461538464 0.2127403846153846 0.05048076923076923 0.1045673076923077
4 0.9759615384615384 0.2247596153846154 0.04567307692307692 0.10216346153846154
4 0.13341346153846154 0.23557692307692307 0.039663461538461536 0.0985576923076923
4 0.17668269230769232 0.23798076923076922 0.026442307692307692 0.08173076923076923
4 0.078125 0.2403846153846154 0.055288461538461536 0.026442307692307692
4 0.6502403846153846 0.25841346153846156 0.02283653846153846 0.08774038461538461
4 0.6189903846153846 0.26802884615384615 0.028846153846153848 0.052884615384615384
4 0.859375 0.28966346153846156 0.05889423076923077 0.09014423076923077
