4 0.7536057692307693 0.2932692307692308 0.0733173076923077 0.10817307692307693
4 0.9387019230769231 0.40024038461538464 0.05048076923076923 0.11057692307692307
4 0.5721153846153846 0.4723557692307692 0.0733173076923077 0.07091346153846154
4 0.22716346153846154 0.48197115384615385 0.028846153846153848 0.12139423076923077
4 0.30288461538461536 0.5288461538461539 0.05048076923076923 0.07932692307692307
4 0.11298076923076923 0.6201923076923077 0.06850961538461539 0.11899038461538461
4 0.22235576923076922 0.06850961538461539 0.052884615384615384 0.09495192307692307
4 0.2644230769230769 0.7872596153846154 0.0673076923076923 0.12620192307692307
4 0.5733173076923077 0.8725961538461539 0.06490384615384616 0.11298076923076923
4 0.17908653846153846 0.9086538461538461 0.0673076923076923 0.055288461538461536
4 0.0625 0.9483173076923077 0.07211538461538461 0.09735576923076923
4 0.13701923076923078 0.1310096153846154 0.07572115384615384 0.0889423076923077
4 0.21875 0.15865384615384615 0.04927884615384615 0.08653846153846154
