4 0.3737980769230769 0.26322115384615385 0.027644230769230768 0.056490384615384616
4 0.5504807692307693 0.296875 0.042067307692307696 0.05889423076923077
4 0.6850961538461539 0.33413461538461536 0.03245192307692308 0.06610576923076923
4 0.4579326923076923 0.35096153846153844 0.02403846153846154 0.06850961538461539
4 0.6213942307692307 0.36899038461538464 0.021634615384615384 0.06610576923076923
4 0.40024038461538464 0.3713942307692308 0.036057692307692304 0.051682692307692304
4 0.8786057692307693 0.38341346153846156 0.039663461538461536 0.056490384615384616
4 0.6610576923076923 0.3918269230769231 0.040865384615384616 0.04447115384615385
4 0.4807692307692308 0.4074519230769231 0.019230769230769232 0.0733173076923077
4 0.546875 0.44711538461538464 0.03125 0.051682692307692304
4 0.8076923076923077 0.4483173076923077 0.042067307692307696 0.054086538461538464
4 0.6213942307692307 0.47836538461538464 0.036057692307692304 0.04447115384615385
4 0.7980769230769231 0.5120192307692307 0.03485576923076923 0.04927884615384615
4 0.6310096153846154 0.5612980769230769 0.027644230769230768 0.04927884615384615
4 0.6105769230769231 0.5949519230769231 0.04567307692307692 0.046875
4 0.5805288461538461 0.6165865384615384 0.037259615384615384 0.06129807692307692
4 0.7788461538461539 0.6286057692307693 0.036057692307692304 0.06129807692307692
4 0.6382211538461539 0.6550480769230769 0.040865384615384616 0.06129807692307692
4 0.7283653846153846 0.6790865384615384 0.042067307692307696 0.054086538461538464
4 0.5949519230769231 0.08533653846153846 0.042067307692307696 0.04447115384615385
4 0.6442307692307693 0.10216346153846154 0.042067307692307696 0.046875
4 0.5372596153846154 0.18870192307692307 0.028846153846153848 0.05889423076923077
4 0.7259615384615384 0.20192307692307693 0.027644230769230768 0.056490384615384616
