4 0.7367788461538461 0.24879807692307693 0.039663461538461536 0.056490384615384616
4 0.7848557692307693 0.25841346153846156 0.04447115384615385 0.03245192307692308
4 0.018028846153846152 0.2644230769230769 0.036057692307692304 0.06850961538461539
4 0.11778846153846154 0.2644230769230769 0.052884615384615384 0.078125
4 0.8798076923076923 0.26802884615384615 0.03125 0.06610576923076923
4 0.2980769230769231 0.027644230769230768 0.038461538461538464 0.055288461538461536
4 0.22596153846153846 0.28846153846153844 0.054086538461538464 0.08052884615384616
4 0.9831730769230769 0.03245192307692308 0.03125 0.06370192307692307
4 0.5625 0.2980769230769231 0.052884615384615384 0.08052884615384616
4 0.39783653846153844 0.3016826923076923 0.04447115384615385 0.03485576923076923
4 0.7175480769230769 0.30528846153846156 0.040865384615384616 0.03245192307692308
4 0.8413461538461539 0.30649038461538464 0.03245192307692308 0.06850961538461539
4 0.6670673076923077 0.3088942307692308 0.028846153846153848 0.0733173076923077
4 0.6021634615384616 0.33653846153846156 0.054086538461538464 0.06129807692307692
4 0.6213942307692307 0.03485576923076923 0.042067307692307696 0.054086538461538464
4 0.8149038461538461 0.3449519230769231 0.04927884615384615 0.056490384615384616
4 0.18870192307692307 0.35096153846153844 0.05048076923076923 0.04927884615384615
4 0.27403846153846156 0.35096153846153844 0.052884615384615384 0.04927884615384615
4 0.953125 0.3545673076923077 0.03245192307692308 0.08533653846153846
4 0.6394230769230769 0.35697115384615385 0.04567307692307692 0.046875
4 0.890625 0.359375 0.04927884615384615 0.07572115384615384
4 0.5120192307692307 0.3629807692307692 0.036057692307692304 0.078125
4 0.4723557692307692 0.36658653846153844 0.042067307692307696 0.07572115384615384
4 0.7668269230769231 0.36899038461538464 0.03125 0.07572115384615384
4 0.10817307692307693 0.3713942307692308 0.046875 0.07091346153846154
4 0.41466346153846156 0.37740384615384615 0.028846153846153848 0.06850961538461539
4 0.3798076923076923 0.38221153846153844 0.03485576923076923 0.04927884615384615
4 0.8485576923076923 0.3954326923076923 0.039663461538461536 0.07572115384615384
4 0.4519230769230769 0.39663461538461536 0.037259615384615384 0.06850961538461539
4 0.6237980769230769 0.4170673076923077 0.054086538461538464 0.06850961538461539
4 0.6947115384615384 0.43149038461538464 0.04927884615384615 0.06370192307692307
4 0.38341346153846156 0.4567307692307692 0.040865384615384616 0.042067307692307696
4 0.9302884615384616 0.4579326923076923 0.052884615384615384 0.06370192307692307
4 0.06610576923076923 0.46153846153846156 0.027644230769230768 0.06129807692307692
4 0.5637019230769231 0.04807692307692308 0.052884615384615384 0.042067307692307696
4 0.09735576923076923 0.46634615384615385 0.027644230769230768 0.08052884615384616
4 0.1778846153846154 0.4675480769230769 0.039663461538461536 0.078125
4 0.7716346153846154 0.47115384615384615 0.03125 0.06850961538461539
4 0.9807692307692307 0.4723557692307692 0.036057692307692304 0.07091346153846154
4 0.4411057692307692 0.47596153846153844 0.04567307692307692 0.04927884615384615
4 0.8209134615384616 0.48197115384615385 0.054086538461538464 0.06129807692307692
4 0.32211538461538464 0.4831730769230769 0.03245192307692308 0.06850961538461539
4 0.2824519230769231 0.4891826923076923 0.042067307692307696 0.06610576923076923
4 0.5420673076923077 0.49399038461538464 0.039663461538461536 0.07572115384615384
4 0.5829326923076923 0.4951923076923077 0.036057692307692304 0.054086538461538464
4 0.3581730769230769 0.5060096153846154 0.046875 0.046875
4 0.9278846153846154 0.5168269230769231 0.037259615384615384 0.0733173076923077
4 0.021634615384615384 0.5180288461538461 0.019230769230769232 0.06129807692307692
4 0.8569711538461539 0.5192307692307693 0.057692307692307696 0.0733173076923077
4 0.046875 0.5300480769230769 0.02283653846153846 0.056490384615384616
4 0.41947115384615385 0.5408653846153846 0.04927884615384615 0.06610576923076923
4 0.4855769230769231 0.5432692307692307 0.054086538461538464 0.037259615384615384
4 0.5877403846153846 0.5516826923076923 0.04567307692307692 0.04447115384615385
4 0.1502403846153846 0.5552884615384616 0.028846153846153848 0.07572115384615384
4 0.18990384615384615 0.5612980769230769 0.05048076923076923 0.06850961538461539
4 0.6478365384615384 0.5649038461538461 0.057692307692307696 0.08052884615384616
4 0.8810096153846154 0.5709134615384616 0.052884615384615384 0.04927884615384615
4 0.3557692307692308 0.5721153846153846 0.026442307692307692 0.07572115384615384
4 0.2764423076923077 0.5805288461538461 0.03485576923076923 0.06370192307692307
4 0.12259615384615384 0.5841346153846154 0.042067307692307696 0.07572115384615384
4 0.46153846153846156 0.5925480769230769 0.03125 0.0733173076923077
4 0.7740384615384616 0.5961538461538461 0.04567307692307692 0.054086538461538464
4 0.8149038461538461 0.609375 0.042067307692307696 0.056490384615384616
4 0.5132211538461539 0.6177884615384616 0.055288461538461536 0.054086538461538464
4 0.7427884615384616 0.6237980769230769 0.037259615384615384 0.037259615384615384
4 0.9423076923076923 0.6310096153846154 0.054086538461538464 0.046875
4 0.2439903846153846 0.6538461538461539 0.05048076923076923 0.039663461538461536
4 0.6370192307692307 0.6574519230769231 0.054086538461538464 0.04447115384615385
4 0.046875 0.6586538461538461 0.05048076923076923 0.06129807692307692
4 0.7451923076923077 0.6694711538461539 0.055288461538461536 0.04927884615384615
4 0.9831730769230769 0.6742788461538461 0.03125 0.05889423076923077
4 0.7920673076923077 0.6790865384615384 0.037259615384615384 0.054086538461538464
4 0.3401442307692308 0.6850961538461539 0.040865384615384616 0.046875
4 0.7920673076923077 0.06850961538461539 0.046875 0.0733173076923077
4 0.19591346153846154 0.6875 0.036057692307692304 0.037259615384615384
4 0.5180288461538461 0.6935096153846154 0.052884615384615384 0.078125
4 0.11298076923076923 0.6983173076923077 0.040865384615384616 0.078125
4 0.6478365384615384 0.7067307692307693 0.054086538461538464 0.051682692307692304
4 0.609375 0.7163461538461539 0.042067307692307696 0.07091346153846154
4 0.039663461538461536 0.7319711538461539 0.054086538461538464 0.06129807692307692
4 0.484375 0.7367788461538461 0.054086538461538464 0.08052884615384616
4 0.7295673076923077 0.7391826923076923 0.037259615384615384 0.06129807692307692
4 0.6814903846153846 0.7427884615384616 0.04927884615384615 0.04447115384615385
4 0.43149038461538464 0.7439903846153846 0.04927884615384615 0.051682692307692304
4 0.7668269230769231 0.7524038461538461 0.052884615384615384 0.04927884615384615
4 0.8978365384615384 0.7572115384615384 0.03485576923076923 0.054086538461538464
4 0.18509615384615385 0.7680288461538461 0.046875 0.056490384615384616
4 0.8509615384615384 0.7824519230769231 0.042067307692307696 0.04927884615384615
4 0.234375 0.7836538461538461 0.04447115384615385 0.08533653846153846
4 0.3798076923076923 0.7944711538461539 0.027644230769230768 0.0733173076923077
4 0.7331730769230769 0.7992788461538461 0.04567307692307692 0.054086538461538464
4 0.6382211538461539 0.8040865384615384 0.021634615384615384 0.0829326923076923
4 0.08173076923076923 0.8040865384615384 0.042067307692307696 0.078125
4 0.4987980769230769 0.8209134615384616 0.055288461538461536 0.05889423076923077
4 0.3125 0.8233173076923077 0.037259615384615384 0.039663461538461536
4 0.18870192307692307 0.8269230769230769 0.037259615384615384 0.042067307692307696
4 0.9158653846153846 0.8269230769230769 0.057692307692307696 0.08052884615384616
4 0.27403846153846156 0.8305288461538461 0.04447115384615385 0.0733173076923077
4 0.3545673076923077 0.8377403846153846 0.04927884615384615 0.04447115384615385
4 0.8257211538461539 0.8509615384615384 0.04927884615384615 0.039663461538461536
4 0.21754807692307693 0.8521634615384616 0.037259615384615384 0.046875
4 0.4050480769230769 0.8665865384615384 0.052884615384615384 0.06129807692307692
4 0.06850961538461539 0.8713942307692307 0.055288461538461536 0.06610576923076923
4 0.28966346153846156 0.8834134615384616 0.039663461538461536 0.08052884615384616
4 0.5444711538461539 0.8846153846153846 0.04447115384615385 0.0829326923076923
4 0.12139423076923077 0.8858173076923077 0.03125 0.07091346153846154
4 0.703125 0.9014423076923077 0.05048076923076923 0.04927884615384615
4 0.8617788461538461 0.9026442307692307 0.04447115384615385 0.08052884615384616
4 0.4855769230769231 0.09014423076923077 0.054086538461538464 0.078125
4 0.6526442307692307 0.9122596153846154 0.054086538461538464 0.0829326923076923
4 0.46033653846153844 0.9254807692307693 0.042067307692307696 0.051682692307692304
4 0.4170673076923077 0.9338942307692307 0.042067307692307696 0.0829326923076923
4 0.9399038461538461 0.9399038461538461 0.05048076923076923 0.06129807692307692
4 0.31490384615384615 0.9411057692307693 0.054086538461538464 0.039663461538461536
4 0.7788461538461539 0.9411057692307693 0.052884615384615384 0.08774038461538461
4 0.21995192307692307 0.9483173076923077 0.04447115384615385 0.0829326923076923
4 0.13822115384615385 0.953125 0.054086538461538464 0.03485576923076923
4 0.5288461538461539 0.09615384615384616 0.052884615384615384 0.04447115384615385
4 0.5120192307692307 0.9627403846153846 0.03125 0.06850961538461539
4 0.828125 0.9639423076923077 0.052884615384615384 0.046875
4 0.04447115384615385 0.9723557692307693 0.037259615384615384 0.051682692307692304
4 0.6923076923076923 0.9735576923076923 0.06009615384615385 0.04927884615384615
4 0.3425480769230769 0.09975961538461539 0.05048076923076923 0.042067307692307696
4 0.25721153846153844 0.10216346153846154 0.046875 0.046875
4 0.7608173076923077 0.11298076923076923 0.037259615384615384 0.06370192307692307
4 0.22115384615384615 0.1141826923076923 0.021634615384615384 0.08052884615384616
4 0.5985576923076923 0.1141826923076923 0.03245192307692308 0.07091346153846154
4 0.9194711538461539 0.12980769230769232 0.026442307692307692 0.06850961538461539
4 0.31009615384615385 0.13942307692307693 0.040865384615384616 0.06370192307692307
4 0.6622596153846154 0.14302884615384615 0.037259615384615384 0.08533653846153846
4 0.8882211538461539 0.14543269230769232 0.03485576923076923 0.056490384615384616
4 0.9603365384615384 0.15264423076923078 0.042067307692307696 0.046875
4 0.4338942307692308 0.17548076923076922 0.04447115384615385 0.08052884615384616
4 0.7800480769230769 0.18269230769230768 0.05048076923076923 0.07572115384615384
4 0.4855769230769231 0.18509615384615385 0.046875 0.042067307692307696
4 0.14543269230769232 0.18629807692307693 0.026442307692307692 0.06850961538461539
4 0.6923076923076923 0.19230769230769232 0.039663461538461536 0.08052884615384616
4 0.5540865384615384 0.19471153846153846 0.052884615384615384 0.037259615384615384
4 0.7367788461538461 0.19591346153846154 0.03245192307692308 0.04927884615384615
4 0.36658653846153844 0.20072115384615385 0.054086538461538464 0.0829326923076923
4 0.8774038461538461 0.02403846153846154 0.052884615384615384 0.04807692307692308
4 0.6598557692307693 0.23317307692307693 0.05889423076923077 0.054086538461538464
4 0.8449519230769231 0.23918269230769232 0.042067307692307696 0.046875
4 0.5997596153846154 0.24158653846153846 0.052884615384615384 0.042067307692307696
4 0.9603365384615384 0.24158653846153846 0.042067307692307696 0.042067307692307696
