4 0.3954326923076923 0.3245192307692308 0.027644230769230768 0.05048076923076923
4 0.33774038461538464 0.36538461538461536 0.03365384615384615 0.05048076923076923
4 0.38100961538461536 0.3713942307692308 0.03485576923076923 0.04326923076923077
4 0.6213942307692307 0.3798076923076923 0.028846153846153848 0.039663461538461536
4 0.2848557692307692 0.38822115384615385 0.03485576923076923 0.04447115384615385
4 0.45913461538461536 0.38822115384615385 0.03245192307692308 0.04807692307692308
4 0.4170673076923077 0.39783653846153844 0.03125 0.037259615384615384
4 0.36899038461538464 0.39903846153846156 0.030048076923076924 0.04326923076923077
4 0.19951923076923078 0.4026442307692308 0.03245192307692308 0.05048076923076923
4 0.5588942307692307 0.4050480769230769 0.03245192307692308 0.039663461538461536
4 0.5240384615384616 0.4182692307692308 0.027644230769230768 0.04807692307692308
4 0.44711538461538464 0.43149038461538464 0.03365384615384615 0.052884615384615384
4 0.7079326923076923 0.43509615384615385 0.02403846153846154 0.046875
4 0.3125 0.4651442307692308 0.027644230769230768 0.052884615384615384
4 0.6550480769230769 0.4675480769230769 0.018028846153846152 0.04807692307692308
4 0.7067307692307693 0.5072115384615384 0.025240384615384616 0.046875
4 0.5516826923076923 0.5372596153846154 0.036057692307692304 0.054086538461538464
4 0.7007211538461539 0.5480769230769231 0.021634615384615384 0.040865384615384616
4 0.2824519230769231 0.5504807692307693 0.03125 0.05048076923076923
4 0.6778846153846154 0.5793269230769231 0.021634615384615384 0.052884615384615384
4 0.484375 0.5865384615384616 0.028846153846153848 0.04447115384615385
4 0.5913461538461539 0.5961538461538461 0.027644230769230768 0.040865384615384616
4 0.2644230769230769 0.6033653846153846 0.02283653846153846 0.039663461538461536
4 0.08653846153846154 0.6189903846153846 0.02283653846153846 0.056490384615384616
4 0.6346153846153846 0.6274038461538461 0.03125 0.046875
4 0.6610576923076923 0.6394230769230769 0.03125 0.04447115384615385
4 0.3954326923076923 0.640625 0.02283653846153846 0.04447115384615385
4 0.6766826923076923 0.6622596153846154 0.036057692307692304 0.054086538461538464
