4 0.8665865384615384 0.31971153846153844 0.054086538461538464 0.11057692307692307
4 0.515625 0.3245192307692308 0.09254807692307693 0.12620192307692307
4 0.24158653846153846 0.3329326923076923 0.09615384615384616 0.12620192307692307
4 0.2608173076923077 0.4266826923076923 0.0829326923076923 0.109375
4 0.48197115384615385 0.42788461538461536 0.09134615384615384 0.12379807692307693
4 0.8401442307692307 0.46875 0.06009615384615385 0.1045673076923077
4 0.421875 0.4795673076923077 0.08173076923076923 0.09975961538461539
4 0.6634615384615384 0.5060096153846154 0.09495192307692307 0.12259615384615384
4 0.7632211538461539 0.5324519230769231 0.08533653846153846 0.11057692307692307
4 0.5829326923076923 0.5432692307692307 0.09615384615384616 0.0985576923076923
4 0.3076923076923077 0.546875 0.09134615384615384 0.11778846153846154
4 0.453125 0.5528846153846154 0.09014423076923077 0.11778846153846154
4 0.40024038461538464 0.59375 0.08774038461538461 0.11538461538461539
4 0.8737980769230769 0.6117788461538461 0.0829326923076923 0.1045673076923077
4 0.6778846153846154 0.6286057692307693 0.08533653846153846 0.1201923076923077
4 0.7896634615384616 0.6358173076923077 0.08774038461538461 0.11298076923076923
4 0.21153846153846154 0.6394230769230769 0.057692307692307696 0.08533653846153846
4 0.546875 0.6394230769230769 0.10096153846153846 0.12379807692307693
4 0.44591346153846156 0.6802884615384616 0.08533653846153846 0.0985576923076923
4 0.7475961538461539 0.6814903846153846 0.09014423076923077 0.109375
4 0.3629807692307692 0.6826923076923077 0.08052884615384616 0.0889423076923077
4 0.8461538461538461 0.703125 0.09134615384615384 0.11778846153846154
4 0.421875 0.7463942307692307 0.07572115384615384 0.09375
4 0.27524038461538464 0.7512019230769231 0.06009615384615385 0.08774038461538461
4 0.5973557692307693 0.7608173076923077 0.09014423076923077 0.1045673076923077
4 0.78125 0.7728365384615384 0.08774038461538461 0.11298076923076923
4 0.7199519230769231 0.8305288461538461 0.09254807692307693 0.109375
4 0.44350961538461536 0.8413461538461539 0.0829326923076923 0.06971153846153846
4 0.38100961538461536 0.8449519230769231 0.06850961538461539 0.0829326923076923
4 0.6105769230769231 0.8473557692307693 0.08052884615384616 0.09975961538461539
4 0.5288461538461539 0.9110576923076923 0.09014423076923077 0.1045673076923077
4 0.6370192307692307 0.12379807692307693 0.0733173076923077 0.109375
