4 0.6177884615384616 0.234375 0.04927884615384615 0.039663461538461536
4 0.5060096153846154 0.30528846153846156 0.052884615384615384 0.06490384615384616
4 0.7475961538461539 0.33653846153846156 0.04927884615384615 0.04326923076923077
4 0.4206730769230769 0.3401442307692308 0.04807692307692308 0.06610576923076923
4 0.7980769230769231 0.3737980769230769 0.026442307692307692 0.0625
4 0.6262019230769231 0.41346153846153844 0.038461538461538464 0.06129807692307692
4 0.43990384615384615 0.4182692307692308 0.04447115384615385 0.05889423076923077
4 0.5168269230769231 0.4266826923076923 0.038461538461538464 0.06610576923076923
4 0.5997596153846154 0.43028846153846156 0.040865384615384616 0.0673076923076923
4 0.27403846153846156 0.4387019230769231 0.039663461538461536 0.06129807692307692
4 0.7872596153846154 0.4543269230769231 0.027644230769230768 0.0625
4 0.49759615384615385 0.484375 0.052884615384615384 0.057692307692307696
4 0.578125 0.48677884615384615 0.04567307692307692 0.06971153846153846
4 0.3137019230769231 0.5132211538461539 0.03485576923076923 0.06610576923076923
4 0.6802884615384616 0.5276442307692307 0.039663461538461536 0.056490384615384616
4 0.640625 0.5396634615384616 0.051682692307692304 0.07091346153846154
4 0.23677884615384615 0.5528846153846154 0.03365384615384615 0.06129807692307692
4 0.8701923076923077 0.5576923076923077 0.036057692307692304 0.0673076923076923
4 0.3737980769230769 0.5769230769230769 0.042067307692307696 0.06610576923076923
4 0.7163461538461539 0.5817307692307693 0.055288461538461536 0.0625
4 0.39302884615384615 0.6129807692307693 0.03365384615384615 0.0673076923076923
4 0.7836538461538461 0.6346153846153846 0.04927884615384615 0.052884615384615384
4 0.22115384615384615 0.6430288461538461 0.027644230769230768 0.06490384615384616
4 0.6646634615384616 0.6466346153846154 0.036057692307692304 0.07211538461538461
4 0.8834134615384616 0.6538461538461539 0.030048076923076924 0.07211538461538461
