4 0.5552884615384616 0.35697115384615385 0.051682692307692304 0.0889423076923077
4 0.4639423076923077 0.3581730769230769 0.03485576923076923 0.07451923076923077
4 0.15745192307692307 0.36658653846153844 0.054086538461538464 0.09134615384615384
4 0.3798076923076923 0.3713942307692308 0.028846153846153848 0.09375
4 0.28846153846153844 0.3786057692307692 0.026442307692307692 0.08653846153846154
4 0.16947115384615385 0.4519230769230769 0.03365384615384615 0.0889423076923077
4 0.6009615384615384 0.46274038461538464 0.057692307692307696 0.09375
4 0.6454326923076923 0.46875 0.037259615384615384 0.09134615384615384
4 0.6838942307692307 0.47475961538461536 0.054086538461538464 0.09495192307692307
4 0.8677884615384616 0.4879807692307692 0.052884615384615384 0.08052884615384616
4 0.7620192307692307 0.5084134615384616 0.056490384615384616 0.09975961538461539
4 0.38822115384615385 0.5216346153846154 0.04447115384615385 0.078125
4 0.28365384615384615 0.5769230769230769 0.051682692307692304 0.09134615384615384
4 0.4483173076923077 0.5865384615384616 0.057692307692307696 0.05889423076923077
4 0.7415865384615384 0.5949519230769231 0.056490384615384616 0.07451923076923077
4 0.2247596153846154 0.6057692307692307 0.028846153846153848 0.09495192307692307
4 0.5216346153846154 0.6646634615384616 0.040865384615384616 0.09735576923076923
4 0.5661057692307693 0.6706730769230769 0.04567307692307692 0.08533653846153846
4 0.14182692307692307 0.6911057692307693 0.05889423076923077 0.09134615384615384
4 0.7836538461538461 0.7223557692307693 0.07091346153846154 0.09495192307692307
4 0.4735576923076923 0.7271634615384616 0.028846153846153848 0.09975961538461539
4 0.28846153846153844 0.7427884615384616 0.054086538461538464 0.09735576923076923
4 0.5432692307692307 0.7524038461538461 0.056490384615384616 0.06971153846153846
4 0.38100961538461536 0.7716346153846154 0.056490384615384616 0.09134615384615384
4 0.5733173076923077 0.8425480769230769 0.0625 0.07211538461538461
