4 0.6021634615384616 0.2536057692307692 0.1310096153846154 0.10096153846153846
4 0.4639423076923077 0.32211538461538464 0.13942307692307693 0.11778846153846154
4 0.25600961538461536 0.3605769230769231 0.1346153846153846 0.12620192307692307
4 0.48197115384615385 0.47475961538461536 0.14783653846153846 0.21754807692307693
4 0.375 0.5829326923076923 0.1346153846153846 0.21754807692307693
4 0.6995192307692307 0.6237980769230769 0.1310096153846154 0.20072115384615385
4 0.2692307692307692 0.6454326923076923 0.10576923076923077 0.22115384615384615
4 0.578125 0.6598557692307693 0.10817307692307693 0.20673076923076922
4 0.3425480769230769 0.7896634615384616 0.14423076923076922 0.19831730769230768
4 0.5288461538461539 0.13581730769230768 0.08173076923076923 0.1814903846153846
