4 0.6310096153846154 0.3076923076923077 0.036057692307692304 0.109375
4 0.43149038461538464 0.3786057692307692 0.036057692307692304 0.08052884615384616
4 0.5721153846153846 0.49399038461538464 0.07932692307692307 0.1201923076923077
4 0.7139423076923077 0.4987980769230769 0.04447115384615385 0.07091346153846154
4 0.41586538461538464 0.5925480769230769 0.06490384615384616 0.08653846153846154
4 0.5913461538461539 0.6959134615384616 0.054086538461538464 0.109375
4 0.7271634615384616 0.8040865384615384 0.04927884615384615 0.10697115384615384
4 0.5432692307692307 0.8725961538461539 0.07572115384615384 0.06370192307692307
4 0.7079326923076923 0.1466346153846154 0.0733173076923077 0.052884615384615384
4 0.5084134615384616 0.14783653846153846 0.07091346153846154 0.07932692307692307
