4 0.7199519230769231 0.1935096153846154 0.055288461538461536 0.10096153846153846
4 0.7740384615384616 0.20793269230769232 0.04807692307692308 0.09375
4 0.6225961538461539 0.21634615384615385 0.052884615384615384 0.08774038461538461
4 0.4795673076923077 0.21995192307692307 0.06009615384615385 0.09375
4 0.35216346153846156 0.23317307692307693 0.06490384615384616 0.056490384615384616
4 0.2848557692307692 0.28846153846153844 0.04927884615384615 0.08413461538461539
4 0.6730769230769231 0.30528846153846156 0.06370192307692307 0.10096153846153846
4 0.4807692307692308 0.31009615384615385 0.06490384615384616 0.08413461538461539
4 0.578125 0.3545673076923077 0.06610576923076923 0.06370192307692307
4 0.5252403846153846 0.3701923076923077 0.06490384615384616 0.08052884615384616
4 0.7716346153846154 0.38221153846153844 0.03245192307692308 0.09735576923076923
4 0.828125 0.43149038461538464 0.036057692307692304 0.09735576923076923
4 0.19110576923076922 0.43990384615384615 0.036057692307692304 0.08052884615384616
4 0.27283653846153844 0.44591346153846156 0.05889423076923077 0.06610576923076923
4 0.9122596153846154 0.5192307692307693 0.04927884615384615 0.0625
4 0.17908653846153846 0.5444711538461539 0.05048076923076923 0.08653846153846154
4 0.9603365384615384 0.5516826923076923 0.06129807692307692 0.07451923076923077
4 0.6598557692307693 0.59375 0.06129807692307692 0.09615384615384616
4 0.7379807692307693 0.6862980769230769 0.06610576923076923 0.09375
4 0.20673076923076922 0.6923076923076923 0.04927884615384615 0.09735576923076923
4 0.7764423076923077 0.7391826923076923 0.04927884615384615 0.09375
4 0.6165865384615384 0.890625 0.06971153846153846 0.06971153846153846
4 0.37259615384615385 0.10336538461538461 0.057692307692307696 0.052884615384615384
4 0.5649038461538461 0.12980769230769232 0.038461538461538464 0.09134615384615384
4 0.6586538461538461 0.14783653846153846 0.04447115384615385 0.09014423076923077
