4 0.7283653846153846 0.18990384615384615 0.06610576923076923 0.0829326923076923
4 0.6418269230769231 0.20432692307692307 0.08653846153846154 0.10096153846153846
4 0.7980769230769231 0.20552884615384615 0.07091346153846154 0.06971153846153846
4 0.41586538461538464 0.21634615384615385 0.07451923076923077 0.07091346153846154
4 0.9483173076923077 0.21754807692307693 0.03365384615384615 0.11658653846153846
4 0.7824519230769231 0.02403846153846154 0.08774038461538461 0.039663461538461536
4 0.5180288461538461 0.2247596153846154 0.07451923076923077 0.09014423076923077
4 0.2548076923076923 0.2932692307692308 0.051682692307692304 0.11057692307692307
4 0.43149038461538464 0.33413461538461536 0.08173076923076923 0.07091346153846154
4 0.8870192307692307 0.34615384615384615 0.06971153846153846 0.0625
4 0.8569711538461539 0.036057692307692304 0.08533653846153846 0.0625
4 0.8425480769230769 0.3581730769230769 0.05889423076923077 0.0829326923076923
4 0.6057692307692307 0.37740384615384615 0.08413461538461539 0.1201923076923077
4 0.1658653846153846 0.4326923076923077 0.06850961538461539 0.12139423076923077
4 0.4266826923076923 0.4483173076923077 0.039663461538461536 0.11298076923076923
4 0.3004807692307692 0.5012019230769231 0.03485576923076923 0.1310096153846154
4 0.19471153846153846 0.515625 0.09134615384615384 0.040865384615384616
4 0.6586538461538461 0.5492788461538461 0.08653846153846154 0.0829326923076923
4 0.5516826923076923 0.5673076923076923 0.07692307692307693 0.08052884615384616
4 0.47836538461538464 0.5829326923076923 0.0829326923076923 0.06610576923076923
4 0.1935096153846154 0.06009615384615385 0.07211538461538461 0.06009615384615385
4 0.1346153846153846 0.6225961538461539 0.09014423076923077 0.052884615384615384
4 0.7211538461538461 0.6274038461538461 0.07692307692307693 0.12139423076923077
4 0.3798076923076923 0.6622596153846154 0.07451923076923077 0.07451923076923077
4 0.16466346153846154 0.6670673076923077 0.08173076923076923 0.05048076923076923
4 0.27163461538461536 0.6694711538461539 0.054086538461538464 0.09735576923076923
4 0.8810096153846154 0.7199519230769231 0.052884615384615384 0.10697115384615384
4 0.6334134615384616 0.75 0.06971153846153846 0.0829326923076923
4 0.41586538461538464 0.07692307692307693 0.07211538461538461 0.11298076923076923
4 0.5096153846153846 0.078125 0.040865384615384616 0.12620192307692307
4 0.6225961538461539 0.8353365384615384 0.05048076923076923 0.09735576923076923
4 0.3233173076923077 0.8377403846153846 0.07211538461538461 0.08413461538461539
4 0.5576923076923077 0.8401442307692307 0.04927884615384615 0.10336538461538461
4 0.6706730769230769 0.8485576923076923 0.04447115384615385 0.12139423076923077
4 0.36177884615384615 0.8822115384615384 0.08533653846153846 0.12980769230769232
4 0.8004807692307693 0.8846153846153846 0.07211538461538461 0.046875
4 0.4723557692307692 0.8942307692307693 0.055288461538461536 0.13341346153846154
4 0.15625 0.8978365384615384 0.09014423076923077 0.12980769230769232
4 0.8473557692307693 0.9170673076923077 0.07932692307692307 0.04927884615384615
4 0.09014423076923077 0.9387019230769231 0.0673076923076923 0.08774038461538461
4 0.037259615384615384 0.9447115384615384 0.0733173076923077 0.10697115384615384
4 0.6682692307692307 0.10216346153846154 0.07932692307692307 0.057692307692307696
4 0.5769230769230769 0.1141826923076923 0.07932692307692307 0.056490384615384616
4 0.14543269230769232 0.15384615384615385 0.06129807692307692 0.08653846153846154
4 0.22956730769230768 0.18629807692307693 0.057692307692307696 0.1201923076923077
