4 0.4170673076923077 0.24519230769230768 0.05048076923076923 0.039663461538461536
4 0.7860576923076923 0.24639423076923078 0.052884615384615384 0.03245192307692308
4 0.2932692307692308 0.27884615384615385 0.05048076923076923 0.039663461538461536
4 0.4651442307692308 0.2800480769230769 0.05048076923076923 0.06610576923076923
4 0.703125 0.2824519230769231 0.037259615384615384 0.0733173076923077
4 0.421875 0.29927884615384615 0.042067307692307696 0.0733173076923077
4 0.8990384615384616 0.03245192307692308 0.04567307692307692 0.06370192307692307
4 0.45552884615384615 0.33653846153846156 0.037259615384615384 0.08052884615384616
4 0.5444711538461539 0.3425480769230769 0.055288461538461536 0.0829326923076923
4 0.15985576923076922 0.3713942307692308 0.04447115384615385 0.06129807692307692
4 0.10576923076923077 0.3918269230769231 0.037259615384615384 0.04927884615384615
4 0.20673076923076922 0.4254807692307692 0.05048076923076923 0.042067307692307696
4 0.7199519230769231 0.43149038461538464 0.054086538461538464 0.06370192307692307
4 0.42427884615384615 0.4362980769230769 0.052884615384615384 0.078125
4 0.8401442307692307 0.4423076923076923 0.02403846153846154 0.08533653846153846
4 0.2536057692307692 0.4543269230769231 0.039663461538461536 0.08052884615384616
4 0.6754807692307693 0.46274038461538464 0.054086538461538464 0.05889423076923077
4 0.4639423076923077 0.4639423076923077 0.055288461538461536 0.07572115384615384
4 0.9399038461538461 0.4735576923076923 0.046875 0.06370192307692307
4 0.7716346153846154 0.4855769230769231 0.05889423076923077 0.04927884615384615
4 0.17668269230769232 0.4963942307692308 0.04567307692307692 0.08052884615384616
4 0.5625 0.4987980769230769 0.028846153846153848 0.08052884615384616
4 0.3870192307692308 0.5036057692307693 0.037259615384615384 0.08052884615384616
4 0.203125 0.5072115384615384 0.03125 0.0733173076923077
4 0.06971153846153846 0.5168269230769231 0.05048076923076923 0.0829326923076923
4 0.7752403846153846 0.5444711538461539 0.057692307692307696 0.0733173076923077
4 0.3269230769230769 0.5492788461538461 0.055288461538461536 0.05889423076923077
4 0.5504807692307693 0.5685096153846154 0.039663461538461536 0.06850961538461539
4 0.6802884615384616 0.5745192307692307 0.04447115384615385 0.07572115384615384
4 0.43990384615384615 0.5889423076923077 0.03125 0.08533653846153846
4 0.8930288461538461 0.5901442307692307 0.057692307692307696 0.04927884615384615
4 0.7848557692307693 0.6081730769230769 0.054086538461538464 0.06850961538461539
4 0.20192307692307693 0.6225961538461539 0.04447115384615385 0.06850961538461539
4 0.07211538461538461 0.6286057692307693 0.03245192307692308 0.06610576923076923
4 0.40384615384615385 0.6418269230769231 0.037259615384615384 0.078125
4 0.4891826923076923 0.6418269230769231 0.027644230769230768 0.08774038461538461
4 0.171875 0.6670673076923077 0.054086538461538464 0.0733173076923077
4 0.028846153846153848 0.6754807692307693 0.054086538461538464 0.06129807692307692
4 0.11057692307692307 0.06971153846153846 0.040865384615384616 0.051682692307692304
4 0.8197115384615384 0.6995192307692307 0.057692307692307696 0.042067307692307696
4 0.7716346153846154 0.703125 0.054086538461538464 0.05889423076923077
4 0.33052884615384615 0.7199519230769231 0.04567307692307692 0.056490384615384616
4 0.4567307692307692 0.7295673076923077 0.02403846153846154 0.07572115384615384
4 0.8966346153846154 0.7307692307692307 0.057692307692307696 0.04927884615384615
4 0.5841346153846154 0.7355769230769231 0.06009615384615385 0.08774038461538461
4 0.14423076923076922 0.7536057692307693 0.037259615384615384 0.07572115384615384
4 0.7307692307692307 0.7560096153846154 0.054086538461538464 0.042067307692307696
4 0.10817307692307693 0.7668269230769231 0.05048076923076923 0.0829326923076923
4 0.21995192307692307 0.7716346153846154 0.046875 0.05889423076923077
4 0.3870192307692308 0.7848557692307693 0.05048076923076923 0.0829326923076923
4 0.43990384615384615 0.8028846153846154 0.057692307692307696 0.06610576923076923
4 0.5588942307692307 0.8257211538461539 0.02283653846153846 0.0829326923076923
4 0.8389423076923077 0.8353365384615384 0.037259615384615384 0.06850961538461539
4 0.7307692307692307 0.8461538461538461 0.05048076923076923 0.06370192307692307
4 0.15384615384615385 0.8497596153846154 0.04567307692307692 0.056490384615384616
4 0.9399038461538461 0.8521634615384616 0.039663461538461536 0.07091346153846154
4 0.6742788461538461 0.8581730769230769 0.052884615384615384 0.06370192307692307
4 0.7536057692307693 0.8713942307692307 0.057692307692307696 0.051682692307692304
4 0.15384615384615385 0.8882211538461539 0.052884615384615384 0.06129807692307692
4 0.3954326923076923 0.8894230769230769 0.055288461538461536 0.0829326923076923
4 0.04447115384615385 0.8894230769230769 0.03125 0.08774038461538461
4 0.4951923076923077 0.8930288461538461 0.05889423076923077 0.051682692307692304
4 0.6262019230769231 0.9014423076923077 0.054086538461538464 0.04927884615384615
4 0.09254807692307693 0.9134615384615384 0.04567307692307692 0.046875
4 0.7391826923076923 0.9387019230769231 0.03485576923076923 0.08774038461538461
4 0.8353365384615384 0.9579326923076923 0.057692307692307696 0.06370192307692307
4 0.41466346153846156 0.9603365384615384 0.057692307692307696 0.039663461538461536
4 0.5552884615384616 0.9639423076923077 0.04567307692307692 0.06610576923076923
4 0.4639423076923077 0.9711538461538461 0.04927884615384615 0.054086538461538464
4 0.5084134615384616 0.9711538461538461 0.04927884615384615 0.054086538461538464
4 0.5144230769230769 0.10576923076923077 0.039663461538461536 0.06850961538461539
4 0.6682692307692307 0.12740384615384615 0.052884615384615384 0.06370192307692307
4 0.390625 0.13822115384615385 0.04927884615384615 0.051682692307692304
4 0.578125 0.14302884615384615 0.054086538461538464 0.07091346153846154
4 0.9543269230769231 0.15504807692307693 0.05889423076923077 0.08052884615384616
4 0.10216346153846154 0.15745192307692307 0.027644230769230768 0.08774038461538461
4 0.7487980769230769 0.15865384615384615 0.055288461538461536 0.06129807692307692
4 0.8557692307692307 0.16346153846153846 0.05048076923076923 0.06610576923076923
4 0.2512019230769231 0.17307692307692307 0.04567307692307692 0.06129807692307692
4 0.15144230769230768 0.17668269230769232 0.03485576923076923 0.05889423076923077
4 0.38100961538461536 0.021634615384615384 0.055288461538461536 0.04326923076923077
4 0.3173076923076923 0.19831730769230768 0.057692307692307696 0.06850961538461539
4 0.036057692307692304 0.203125 0.052884615384615384 0.054086538461538464
4 0.6021634615384616 0.20432692307692307 0.057692307692307696 0.08052884615384616
4 0.6514423076923077 0.2091346153846154 0.042067307692307696 0.08052884615384616
4 0.7067307692307693 0.21153846153846154 0.054086538461538464 0.051682692307692304
4 0.09375 0.02283653846153846 0.057692307692307696 0.04567307692307692
4 0.16105769230769232 0.22716346153846154 0.037259615384615384 0.06610576923076923
4 0.9134615384615384 0.2439903846153846 0.036057692307692304 0.08052884615384616
