4 0.6358173076923077 0.25841346153846156 0.07932692307692307 0.109375
4 0.4891826923076923 0.36177884615384615 0.08052884615384616 0.1201923076923077
4 0.3737980769230769 0.3870192307692308 0.0829326923076923 0.12379807692307693
4 0.9326923076923077 0.38822115384615385 0.07451923076923077 0.1201923076923077
4 0.040865384615384616 0.40625 0.06490384615384616 0.12139423076923077
4 0.24278846153846154 0.4266826923076923 0.04447115384615385 0.11778846153846154
4 0.41466346153846156 0.515625 0.08173076923076923 0.12379807692307693
4 0.7692307692307693 0.5276442307692307 0.06370192307692307 0.09615384615384616
4 0.5697115384615384 0.5480769230769231 0.07572115384615384 0.12379807692307693
4 0.3581730769230769 0.578125 0.0829326923076923 0.12379807692307693
4 0.8004807692307693 0.05889423076923077 0.07932692307692307 0.11057692307692307
4 0.44591346153846156 0.0625 0.06971153846153846 0.08653846153846154
4 0.03125 0.6622596153846154 0.0625 0.11778846153846154
4 0.4735576923076923 0.7007211538461539 0.04567307692307692 0.09615384615384616
4 0.1875 0.7151442307692307 0.0829326923076923 0.109375
4 0.7992788461538461 0.75 0.06370192307692307 0.10336538461538461
4 0.08052884615384616 0.7524038461538461 0.07091346153846154 0.1201923076923077
4 0.028846153846153848 0.796875 0.056490384615384616 0.12139423076923077
4 0.3425480769230769 0.8942307692307693 0.04567307692307692 0.10697115384615384
4 0.6502403846153846 0.15384615384615385 0.03245192307692308 0.1045673076923077
