4 0.43990384615384615 0.24158653846153846 0.12379807692307693 0.17668269230769232
4 0.33533653846153844 0.25721153846153844 0.10096153846153846 0.16105769230769232
4 0.7572115384615384 0.2800480769230769 0.10336538461538461 0.18028846153846154
4 0.6935096153846154 0.3942307692307692 0.12740384615384615 0.1310096153846154
4 0.4483173076923077 0.4026442307692308 0.09375 0.13701923076923078
4 0.9471153846153846 0.4338942307692308 0.10336538461538461 0.20072115384615385
4 0.40384615384615385 0.5745192307692307 0.09375 0.18629807692307693
4 0.6009615384615384 0.6213942307692307 0.125 0.13701923076923078
4 0.8786057692307693 0.7415865384615384 0.1310096153846154 0.1310096153846154
4 0.34134615384615385 0.7512019230769231 0.08774038461538461 0.16706730769230768
4 0.08173076923076923 0.8978365384615384 0.08774038461538461 0.20072115384615385
4 0.22115384615384615 0.9375 0.13221153846153846 0.1201923076923077
4 0.7920673076923077 0.9519230769230769 0.12860576923076922 0.0733173076923077
4 0.49759615384615385 0.9543269230769231 0.12379807692307693 0.08774038461538461
4 0.5709134615384616 0.13341346153846154 0.1045673076923077 0.18389423076923078
4 0.20432692307692307 0.15625 0.09134615384615384 0.15144230769230768
