4 0.6887019230769231 0.19591346153846154 0.07572115384615384 0.125
4 0.11298076923076923 0.20793269230769232 0.08533653846153846 0.10336538461538461
4 0.2824519230769231 0.21754807692307693 0.09615384615384616 0.12980769230769232
4 0.9110576923076923 0.21875 0.05889423076923077 0.13581730769230768
4 0.3737980769230769 0.2403846153846154 0.08533653846153846 0.11538461538461539
4 0.042067307692307696 0.2824519230769231 0.08413461538461539 0.10336538461538461
4 0.3112980769230769 0.3173076923076923 0.09375 0.13942307692307693
4 0.40625 0.3269230769230769 0.09014423076923077 0.14302884615384615
4 0.7764423076923077 0.3329326923076923 0.07451923076923077 0.10336538461538461
4 0.23918269230769232 0.3894230769230769 0.052884615384615384 0.14543269230769232
4 0.6983173076923077 0.39302884615384615 0.09615384615384616 0.14302884615384615
4 0.43509615384615385 0.4987980769230769 0.052884615384615384 0.14182692307692307
4 0.6418269230769231 0.5132211538461539 0.0829326923076923 0.13221153846153846
4 0.3641826923076923 0.5432692307692307 0.08533653846153846 0.13942307692307693
4 0.8329326923076923 0.5709134615384616 0.07932692307692307 0.11538461538461539
4 0.171875 0.5817307692307693 0.08413461538461539 0.13581730769230768
4 0.6021634615384616 0.05889423076923077 0.09735576923076923 0.11658653846153846
4 0.06009615384615385 0.7043269230769231 0.08653846153846154 0.0985576923076923
4 0.49158653846153844 0.7235576923076923 0.07572115384615384 0.13341346153846154
4 0.5817307692307693 0.7271634615384616 0.08533653846153846 0.14182692307692307
4 0.30649038461538464 0.7355769230769231 0.0889423076923077 0.10576923076923077
4 0.8942307692307693 0.7716346153846154 0.09254807692307693 0.0985576923076923
4 0.6466346153846154 0.7932692307692307 0.0829326923076923 0.10697115384615384
4 0.8028846153846154 0.8521634615384616 0.10336538461538461 0.14903846153846154
4 0.3269230769230769 0.8858173076923077 0.10216346153846154 0.13822115384615385
4 0.5012019230769231 0.9206730769230769 0.09975961538461539 0.11658653846153846
4 0.4050480769230769 0.9615384615384616 0.09014423076923077 0.0733173076923077
4 0.1971153846153846 0.125 0.09254807692307693 0.06009615384615385
4 0.43509615384615385 0.15144230769230768 0.0889423076923077 0.11298076923076923
