4 0.2956730769230769 0.25600961538461536 0.10216346153846154 0.06610576923076923
4 0.15985576923076922 0.27524038461538464 0.09495192307692307 0.06009615384615385
4 0.23076923076923078 0.3004807692307692 0.09014423076923077 0.07932692307692307
4 0.6538461538461539 0.3088942307692308 0.06490384615384616 0.14783653846153846
4 0.6021634615384616 0.35697115384615385 0.04447115384615385 0.15144230769230768
4 0.4411057692307692 0.36778846153846156 0.0829326923076923 0.11658653846153846
4 0.22716346153846154 0.45072115384615385 0.039663461538461536 0.15625
4 0.3389423076923077 0.45552884615384615 0.0625 0.09134615384615384
4 0.45552884615384615 0.4735576923076923 0.04807692307692308 0.09134615384615384
4 0.6490384615384616 0.5024038461538461 0.0625 0.13341346153846154
4 0.8473557692307693 0.5180288461538461 0.057692307692307696 0.15384615384615385
4 0.3425480769230769 0.5673076923076923 0.09375 0.14423076923076922
4 0.25961538461538464 0.5805288461538461 0.08533653846153846 0.12139423076923077
4 0.7487980769230769 0.5925480769230769 0.052884615384615384 0.12740384615384615
4 0.6069711538461539 0.6057692307692307 0.08653846153846154 0.11658653846153846
4 0.6682692307692307 0.6334134615384616 0.04326923076923077 0.12620192307692307
4 0.2127403846153846 0.6814903846153846 0.052884615384615384 0.15384615384615385
4 0.7439903846153846 0.7247596153846154 0.0889423076923077 0.14302884615384615
4 0.39302884615384615 0.75 0.09975961538461539 0.1310096153846154
4 0.4675480769230769 0.765625 0.06129807692307692 0.1346153846153846
4 0.6766826923076923 0.7692307692307693 0.10216346153846154 0.13942307692307693
4 0.32091346153846156 0.7932692307692307 0.10336538461538461 0.12740384615384615
4 0.6141826923076923 0.8305288461538461 0.0889423076923077 0.13701923076923078
4 0.4651442307692308 0.8605769230769231 0.04807692307692308 0.15625
