4 0.7992788461538461 0.27403846153846156 0.0673076923076923 0.09975961538461539
4 0.9651442307692307 0.2800480769230769 0.0673076923076923 0.05889423076923077
4 0.7439903846153846 0.03125 0.0889423076923077 0.0625
4 0.4879807692307692 0.33533653846153844 0.054086538461538464 0.09615384615384616
4 0.6394230769230769 0.3473557692307692 0.04567307692307692 0.10697115384615384
4 0.5757211538461539 0.35336538461538464 0.06971153846153846 0.08774038461538461
4 0.3401442307692308 0.3798076923076923 0.08774038461538461 0.11057692307692307
4 0.11778846153846154 0.4026442307692308 0.07572115384615384 0.0829326923076923
4 0.9122596153846154 0.42908653846153844 0.04927884615384615 0.09134615384615384
4 0.6165865384615384 0.4375 0.057692307692307696 0.109375
4 0.9627403846153846 0.4519230769230769 0.05889423076923077 0.09375
4 0.8449519230769231 0.46634615384615385 0.08533653846153846 0.06971153846153846
4 0.96875 0.5252403846153846 0.05889423076923077 0.06971153846153846
4 0.5120192307692307 0.5600961538461539 0.07692307692307693 0.0829326923076923
4 0.7283653846153846 0.5805288461538461 0.057692307692307696 0.08533653846153846
4 0.078125 0.5949519230769231 0.06850961538461539 0.09134615384615384
4 0.28966346153846156 0.6478365384615384 0.057692307692307696 0.1201923076923077
4 0.6237980769230769 0.7151442307692307 0.07692307692307693 0.11298076923076923
4 0.7211538461538461 0.7596153846153846 0.07692307692307693 0.0985576923076923
4 0.1971153846153846 0.8076923076923077 0.0733173076923077 0.07572115384615384
4 0.11057692307692307 0.8521634615384616 0.057692307692307696 0.1045673076923077
4 0.2920673076923077 0.8545673076923077 0.06370192307692307 0.06490384615384616
4 0.3942307692307692 0.8713942307692307 0.054086538461538464 0.07451923076923077
4 0.5048076923076923 0.9242788461538461 0.028846153846153848 0.0889423076923077
4 0.20072115384615385 0.9338942307692307 0.052884615384615384 0.0889423076923077
4 0.6490384615384616 0.09375 0.08173076923076923 0.11298076923076923
4 0.7175480769230769 0.1201923076923077 0.078125 0.09615384615384616
4 0.9771634615384616 0.13942307692307693 0.042067307692307696 0.056490384615384616
4 0.44711538461538464 0.1814903846153846 0.054086538461538464 0.07211538461538461
4 0.7295673076923077 0.1971153846153846 0.08052884615384616 0.11057692307692307
