4 0.8004807692307693 0.20673076923076922 0.0625 0.09735576923076923
4 0.8677884615384616 0.24158653846153846 0.06850961538461539 0.10336538461538461
4 0.4879807692307692 0.2824519230769231 0.09975961538461539 0.13701923076923078
4 0.5733173076923077 0.41225961538461536 0.09735576923076923 0.1141826923076923
4 0.18269230769230768 0.4254807692307692 0.06971153846153846 0.13341346153846154
4 0.8016826923076923 0.5108173076923077 0.057692307692307696 0.12620192307692307
4 0.5132211538461539 0.5264423076923077 0.06490384615384616 0.14423076923076922
4 0.9711538461538461 0.5432692307692307 0.055288461538461536 0.12139423076923077
4 0.19471153846153846 0.578125 0.05048076923076923 0.1502403846153846
4 0.2608173076923077 0.6382211538461539 0.0985576923076923 0.11658653846153846
4 0.8641826923076923 0.7884615384615384 0.0625 0.12620192307692307
4 0.4254807692307692 0.8377403846153846 0.09615384615384616 0.06610576923076923
4 0.32211538461538464 0.8918269230769231 0.08173076923076923 0.10336538461538461
4 0.48197115384615385 0.09495192307692307 0.06610576923076923 0.13341346153846154
