4 0.49158653846153844 0.22115384615384615 0.11899038461538461 0.078125
4 0.5324519230769231 0.2848557692307692 0.109375 0.07572115384615384
4 0.0733173076923077 0.3004807692307692 0.12139423076923077 0.04567307692307692
4 0.08173076923076923 0.03245192307692308 0.109375 0.06370192307692307
4 0.9026442307692307 0.3173076923076923 0.11177884615384616 0.07692307692307693
4 0.6430288461538461 0.32211538461538464 0.08533653846153846 0.07692307692307693
4 0.3137019230769231 0.3245192307692308 0.07091346153846154 0.0733173076923077
4 0.23197115384615385 0.36778846153846156 0.10697115384615384 0.08173076923076923
4 0.21033653846153846 0.43990384615384615 0.09735576923076923 0.06850961538461539
4 0.6021634615384616 0.46153846153846156 0.09735576923076923 0.040865384615384616
4 0.11658653846153846 0.4639423076923077 0.078125 0.039663461538461536
4 0.8449519230769231 0.49038461538461536 0.12379807692307693 0.04927884615384615
4 0.6911057692307693 0.5 0.08533653846153846 0.07211538461538461
4 0.21033653846153846 0.5048076923076923 0.10697115384615384 0.03245192307692308
4 0.9002403846153846 0.53125 0.11177884615384616 0.05889423076923077
4 0.09615384615384616 0.5721153846153846 0.09014423076923077 0.040865384615384616
4 0.8533653846153846 0.5925480769230769 0.10697115384615384 0.07572115384615384
4 0.4651442307692308 0.6574519230769231 0.11899038461538461 0.052884615384615384
4 0.5432692307692307 0.6754807692307693 0.08533653846153846 0.05048076923076923
4 0.8978365384615384 0.06971153846153846 0.09254807692307693 0.07692307692307693
4 0.8762019230769231 0.7043269230769231 0.11658653846153846 0.052884615384615384
4 0.24519230769230768 0.7836538461538461 0.09014423076923077 0.0673076923076923
4 0.8269230769230769 0.8557692307692307 0.078125 0.06490384615384616
4 0.1814903846153846 0.8858173076923077 0.1141826923076923 0.07211538461538461
4 0.30649038461538464 0.9122596153846154 0.07572115384615384 0.07692307692307693
