4 0.5192307692307693 0.36778846153846156 0.09495192307692307 0.057692307692307696
4 0.7896634615384616 0.47115384615384615 0.0625 0.09495192307692307
4 0.4254807692307692 0.484375 0.08052884615384616 0.10096153846153846
4 0.234375 0.5276442307692307 0.0673076923076923 0.11538461538461539
4 0.41466346153846156 0.5949519230769231 0.06490384615384616 0.1201923076923077
4 0.8076923076923077 0.6382211538461539 0.09254807692307693 0.14302884615384615
4 0.11298076923076923 0.6478365384615384 0.10336538461538461 0.14302884615384615
4 0.3425480769230769 0.6610576923076923 0.055288461538461536 0.15264423076923078
4 0.6862980769230769 0.6682692307692307 0.09495192307692307 0.14783653846153846
4 0.5480769230769231 0.6730769230769231 0.0829326923076923 0.15264423076923078
