4 0.41947115384615385 0.18990384615384615 0.042067307692307696 0.06971153846153846
4 0.2403846153846154 0.2247596153846154 0.04447115384615385 0.07091346153846154
4 0.7608173076923077 0.25240384615384615 0.037259615384615384 0.0625
4 0.5661057692307693 0.27524038461538464 0.05048076923076923 0.07451923076923077
4 0.27283653846153844 0.2800480769230769 0.054086538461538464 0.08052884615384616
4 0.6730769230769231 0.2824519230769231 0.054086538461538464 0.08052884615384616
4 0.13221153846153846 0.28365384615384615 0.036057692307692304 0.06971153846153846
4 0.4050480769230769 0.2932692307692308 0.04447115384615385 0.07091346153846154
4 0.47596153846153844 0.296875 0.03485576923076923 0.07451923076923077
4 0.7752403846153846 0.3605769230769231 0.016826923076923076 0.07091346153846154
4 0.3942307692307692 0.36778846153846156 0.037259615384615384 0.0673076923076923
4 0.31971153846153844 0.40024038461538464 0.04807692307692308 0.0733173076923077
4 0.2980769230769231 0.43509615384615385 0.04807692307692308 0.07091346153846154
4 0.21033653846153846 0.4423076923076923 0.04447115384615385 0.06370192307692307
4 0.10216346153846154 0.4543269230769231 0.021634615384615384 0.0829326923076923
4 0.9591346153846154 0.4639423076923077 0.05048076923076923 0.07932692307692307
4 0.6141826923076923 0.47596153846153844 0.028846153846153848 0.07091346153846154
4 0.7716346153846154 0.4807692307692308 0.04567307692307692 0.046875
4 0.7223557692307693 0.49278846153846156 0.03485576923076923 0.06610576923076923
4 0.36658653846153844 0.5192307692307693 0.04326923076923077 0.0829326923076923
4 0.8882211538461539 0.5228365384615384 0.05048076923076923 0.07692307692307693
4 0.4411057692307692 0.5288461538461539 0.051682692307692304 0.037259615384615384
4 0.3004807692307692 0.5384615384615384 0.042067307692307696 0.06370192307692307
4 0.6382211538461539 0.5408653846153846 0.03245192307692308 0.08052884615384616
4 0.21033653846153846 0.5444711538461539 0.052884615384615384 0.06370192307692307
4 0.2824519230769231 0.5793269230769231 0.03485576923076923 0.08052884615384616
4 0.8497596153846154 0.5913461538461539 0.038461538461538464 0.07451923076923077
4 0.4675480769230769 0.5913461538461539 0.04447115384615385 0.039663461538461536
4 0.7536057692307693 0.6033653846153846 0.052884615384615384 0.057692307692307696
4 0.10697115384615384 0.6274038461538461 0.03125 0.07692307692307693
4 0.3641826923076923 0.65625 0.020432692307692308 0.0733173076923077
4 0.7463942307692307 0.6742788461538461 0.036057692307692304 0.08052884615384616
4 0.10697115384615384 0.7019230769230769 0.05889423076923077 0.056490384615384616
4 0.5432692307692307 0.7199519230769231 0.05048076923076923 0.05048076923076923
4 0.6887019230769231 0.07451923076923077 0.04807692307692308 0.0673076923076923
4 0.46274038461538464 0.7800480769230769 0.039663461538461536 0.07451923076923077
4 0.8653846153846154 0.8016826923076923 0.03365384615384615 0.0829326923076923
4 0.328125 0.8100961538461539 0.04927884615384615 0.0829326923076923
4 0.1658653846153846 0.9002403846153846 0.05048076923076923 0.07451923076923077
4 0.5637019230769231 0.9591346153846154 0.057692307692307696 0.06009615384615385
4 0.12980769230769232 0.1814903846153846 0.03125 0.06971153846153846
4 0.2127403846153846 0.18389423076923078 0.04927884615384615 0.07451923076923077
