4 0.5649038461538461 0.2848557692307692 0.0625 0.12740384615384615
4 0.4483173076923077 0.3161057692307692 0.09975961538461539 0.0733173076923077
4 0.8557692307692307 0.34615384615384615 0.055288461538461536 0.15745192307692307
4 0.6574519230769231 0.04927884615384615 0.09615384615384616 0.0985576923076923
4 0.5697115384615384 0.5108173076923077 0.10336538461538461 0.15985576923076922
4 0.11057692307692307 0.5516826923076923 0.07692307692307693 0.14182692307692307
4 0.7007211538461539 0.5997596153846154 0.054086538461538464 0.14903846153846154
4 0.38100961538461536 0.6826923076923077 0.078125 0.09615384615384616
4 0.8497596153846154 0.07091346153846154 0.10817307692307693 0.14182692307692307
4 0.9555288461538461 0.07211538461538461 0.08052884615384616 0.14423076923076922
4 0.13221153846153846 0.7163461538461539 0.10817307692307693 0.10576923076923077
4 0.8449519230769231 0.7451923076923077 0.04567307692307692 0.0985576923076923
4 0.1875 0.8353365384615384 0.046875 0.13701923076923078
4 0.7788461538461539 0.8353365384615384 0.09975961538461539 0.10336538461538461
4 0.4735576923076923 0.9014423076923077 0.07211538461538461 0.15745192307692307
4 0.6490384615384616 0.9050480769230769 0.09134615384615384 0.08533653846153846
4 0.39903846153846156 0.09975961538461539 0.06490384615384616 0.1201923076923077
4 0.23076923076923078 0.13221153846153846 0.039663461538461536 0.08774038461538461
4 0.4963942307692308 0.20552884615384615 0.03245192307692308 0.13221153846153846
4 0.7283653846153846 0.23557692307692307 0.08653846153846154 0.15745192307692307
