4 0.5649038461538461 0.3557692307692308 0.06610576923076923 0.08774038461538461
4 0.46033653846153844 0.39903846153846156 0.08052884615384616 0.11177884615384616
4 0.5961538461538461 0.4723557692307692 0.09615384615384616 0.12860576923076922
4 0.48677884615384615 0.6153846153846154 0.0985576923076923 0.12740384615384615
4 0.4266826923076923 0.6478365384615384 0.07692307692307693 0.13942307692307693
4 0.7247596153846154 0.7271634615384616 0.06971153846153846 0.14182692307692307
4 0.9014423076923077 0.765625 0.09375 0.13221153846153846
4 0.8185096153846154 0.7884615384615384 0.10697115384615384 0.13942307692307693
4 0.5480769230769231 0.7920673076923077 0.09615384615384616 0.14783653846153846
4 0.1346153846153846 0.8004807692307693 0.10096153846153846 0.14903846153846154
4 0.23317307692307693 0.8100961538461539 0.07572115384615384 0.15865384615384615
4 0.4567307692307692 0.8221153846153846 0.0985576923076923 0.15144230769230768
4 0.6117788461538461 0.8798076923076923 0.11538461538461539 0.09134615384615384
