4 0.9278846153846154 0.019230769230769232 0.057692307692307696 0.027644230769230768
4 0.4807692307692308 0.20192307692307693 0.056490384615384616 0.078125
4 0.6430288461538461 0.203125 0.051682692307692304 0.0733173076923077
4 0.5637019230769231 0.21153846153846154 0.04447115384615385 0.06370192307692307
4 0.2283653846153846 0.22115384615384615 0.057692307692307696 0.056490384615384616
4 0.8052884615384616 0.24158653846153846 0.052884615384615384 0.07091346153846154
4 0.40865384615384615 0.2704326923076923 0.04326923076923077 0.06129807692307692
4 0.7932692307692307 0.028846153846153848 0.04807692307692308 0.057692307692307696
4 0.8557692307692307 0.28125 0.040865384615384616 0.04326923076923077
4 0.2608173076923077 0.28966346153846156 0.030048076923076924 0.0733173076923077
4 0.021634615384615384 0.30649038461538464 0.037259615384615384 0.06971153846153846
4 0.5564903846153846 0.3076923076923077 0.039663461538461536 0.056490384615384616
4 0.18509615384615385 0.3076923076923077 0.057692307692307696 0.08052884615384616
4 0.3016826923076923 0.3125 0.051682692307692304 0.06009615384615385
4 0.5108173076923077 0.31971153846153844 0.051682692307692304 0.037259615384615384
4 0.546875 0.03485576923076923 0.036057692307692304 0.06971153846153846
4 0.6574519230769231 0.34375 0.052884615384615384 0.06129807692307692
4 0.6322115384615384 0.037259615384615384 0.052884615384615384 0.07451923076923077
4 0.33533653846153844 0.3641826923076923 0.036057692307692304 0.08052884615384616
4 0.8509615384615384 0.36658653846153844 0.016826923076923076 0.0733173076923077
4 0.6394230769230769 0.3701923076923077 0.056490384615384616 0.037259615384615384
4 0.7524038461538461 0.037259615384615384 0.04927884615384615 0.07451923076923077
4 0.7596153846153846 0.38100961538461536 0.028846153846153848 0.08413461538461539
4 0.5709134615384616 0.3894230769230769 0.016826923076923076 0.08653846153846154
4 0.9362980769230769 0.390625 0.04927884615384615 0.046875
4 0.5420673076923077 0.4050480769230769 0.040865384615384616 0.06009615384615385
4 0.12860576923076922 0.4098557692307692 0.021634615384615384 0.078125
4 0.5132211538461539 0.042067307692307696 0.05048076923076923 0.08413461538461539
4 0.7211538461538461 0.4170673076923077 0.055288461538461536 0.08653846153846154
4 0.8786057692307693 0.421875 0.025240384615384616 0.0733173076923077
4 0.8545673076923077 0.42788461538461536 0.021634615384615384 0.06971153846153846
4 0.4387019230769231 0.4375 0.039663461538461536 0.0733173076923077
4 0.9507211538461539 0.4387019230769231 0.052884615384615384 0.0673076923076923
4 0.5793269230769231 0.44711538461538464 0.019230769230769232 0.07692307692307693
4 0.16466346153846154 0.04567307692307692 0.04807692307692308 0.08052884615384616
4 0.07091346153846154 0.453125 0.051682692307692304 0.07091346153846154
4 0.5396634615384616 0.4543269230769231 0.040865384615384616 0.04326923076923077
4 0.18870192307692307 0.4639423076923077 0.055288461538461536 0.0733173076923077
4 0.3918269230769231 0.46875 0.054086538461538464 0.030048076923076924
4 0.109375 0.04927884615384615 0.04927884615384615 0.07451923076923077
4 0.08774038461538461 0.5012019230769231 0.06129807692307692 0.08413461538461539
4 0.9819711538461539 0.5060096153846154 0.03245192307692308 0.078125
4 0.8317307692307693 0.5144230769230769 0.055288461538461536 0.07692307692307693
4 0.7379807692307693 0.5168269230769231 0.020432692307692308 0.0829326923076923
4 0.27524038461538464 0.5240384615384616 0.057692307692307696 0.0829326923076923
4 0.6346153846153846 0.5661057692307693 0.057692307692307696 0.078125
4 0.7584134615384616 0.5733173076923077 0.040865384615384616 0.04447115384615385
4 0.41346153846153844 0.578125 0.03485576923076923 0.06610576923076923
4 0.4579326923076923 0.5817307692307693 0.056490384615384616 0.08774038461538461
4 0.8088942307692307 0.5865384615384616 0.04567307692307692 0.07091346153846154
4 0.8894230769230769 0.5865384615384616 0.039663461538461536 0.06009615384615385
4 0.2536057692307692 0.06129807692307692 0.036057692307692304 0.07091346153846154
4 0.3701923076923077 0.6165865384615384 0.054086538461538464 0.057692307692307696
4 0.3293269230769231 0.6213942307692307 0.03125 0.056490384615384616
4 0.28365384615384615 0.6274038461538461 0.052884615384615384 0.02283653846153846
4 0.71875 0.6298076923076923 0.03485576923076923 0.07451923076923077
4 0.20552884615384615 0.6310096153846154 0.021634615384615384 0.078125
4 0.2848557692307692 0.65625 0.04927884615384615 0.036057692307692304
4 0.14543269230769232 0.6838942307692307 0.051682692307692304 0.04447115384615385
4 0.5012019230769231 0.6838942307692307 0.05048076923076923 0.07692307692307693
4 0.6189903846153846 0.6838942307692307 0.051682692307692304 0.0733173076923077
4 0.8004807692307693 0.7007211538461539 0.05048076923076923 0.0829326923076923
4 0.8449519230769231 0.7103365384615384 0.052884615384615384 0.08052884615384616
4 0.9711538461538461 0.7139423076923077 0.054086538461538464 0.06129807692307692
4 0.07932692307692307 0.7367788461538461 0.040865384615384616 0.036057692307692304
4 0.26802884615384615 0.7512019230769231 0.037259615384615384 0.0673076923076923
4 0.09254807692307693 0.7644230769230769 0.051682692307692304 0.027644230769230768
4 0.3161057692307692 0.7692307692307693 0.057692307692307696 0.04447115384615385
4 0.8918269230769231 0.7704326923076923 0.06129807692307692 0.08413461538461539
4 0.40384615384615385 0.8004807692307693 0.04807692307692308 0.08774038461538461
4 0.06370192307692307 0.8004807692307693 0.036057692307692304 0.06610576923076923
4 0.15625 0.8028846153846154 0.03485576923076923 0.0829326923076923
4 0.48677884615384615 0.8112980769230769 0.04326923076923077 0.037259615384615384
4 0.6069711538461539 0.8329326923076923 0.05048076923076923 0.03365384615384615
4 0.5661057692307693 0.8725961538461539 0.03245192307692308 0.056490384615384616
4 0.7800480769230769 0.09134615384615384 0.019230769230769232 0.0733173076923077
4 0.19591346153846154 0.9134615384615384 0.054086538461538464 0.02403846153846154
4 0.9074519230769231 0.9170673076923077 0.042067307692307696 0.07091346153846154
4 0.11899038461538461 0.921875 0.056490384615384616 0.052884615384615384
4 0.8569711538461539 0.9423076923076923 0.057692307692307696 0.02283653846153846
4 0.20192307692307693 0.09615384615384616 0.039663461538461536 0.07692307692307693
4 0.48197115384615385 0.9591346153846154 0.03365384615384615 0.078125
4 0.43509615384615385 0.96875 0.05889423076923077 0.057692307692307696
4 0.16947115384615385 0.1045673076923077 0.018028846153846152 0.08653846153846154
4 0.23918269230769232 0.1201923076923077 0.042067307692307696 0.057692307692307696
4 0.030048076923076924 0.15865384615384615 0.05889423076923077 0.040865384615384616
4 0.10697115384615384 0.16346153846153846 0.052884615384615384 0.0733173076923077
4 0.13942307692307693 0.17067307692307693 0.027644230769230768 0.06370192307692307
4 0.06850961538461539 0.17548076923076922 0.037259615384615384 0.056490384615384616
4 0.2608173076923077 0.1814903846153846 0.03365384615384615 0.078125
