4 0.7139423076923077 0.265625 0.14423076923076922 0.21033653846153846
4 0.7596153846153846 0.44350961538461536 0.14423076923076922 0.18389423076923078
4 0.9423076923076923 0.45072115384615385 0.109375 0.203125
4 0.3449519230769231 0.6670673076923077 0.1310096153846154 0.1622596153846154
4 0.23197115384615385 0.6754807692307693 0.1045673076923077 0.14543269230769232
4 0.6298076923076923 0.6899038461538461 0.14182692307692307 0.203125
4 0.7956730769230769 0.08413461538461539 0.06850961538461539 0.16706730769230768
4 0.052884615384615384 0.921875 0.1045673076923077 0.15264423076923078
4 0.4723557692307692 0.13221153846153846 0.14423076923076922 0.21033653846153846
4 0.5649038461538461 0.22716346153846154 0.10096153846153846 0.203125
