4 0.2692307692307692 0.27283653846153844 0.07211538461538461 0.10576923076923077
4 0.2091346153846154 0.2860576923076923 0.06850961538461539 0.09014423076923077
4 0.6971153846153846 0.296875 0.09134615384615384 0.06370192307692307
4 0.38221153846153844 0.2980769230769231 0.08533653846153846 0.12980769230769232
4 0.9158653846153846 0.34975961538461536 0.07692307692307693 0.08533653846153846
4 0.45072115384615385 0.38461538461538464 0.09254807692307693 0.08774038461538461
4 0.21514423076923078 0.3858173076923077 0.08653846153846154 0.1346153846153846
4 0.7644230769230769 0.41947115384615385 0.09134615384615384 0.06370192307692307
4 0.6069711538461539 0.43028846153846156 0.046875 0.11057692307692307
4 0.6514423076923077 0.4567307692307692 0.042067307692307696 0.10576923076923077
4 0.05889423076923077 0.49399038461538464 0.0625 0.13942307692307693
4 0.47475961538461536 0.5288461538461539 0.054086538461538464 0.09254807692307693
4 0.7716346153846154 0.5661057692307693 0.07692307692307693 0.078125
4 0.31009615384615385 0.5805288461538461 0.07211538461538461 0.13221153846153846
4 0.6490384615384616 0.5805288461538461 0.0829326923076923 0.0829326923076923
4 0.1658653846153846 0.6189903846153846 0.07692307692307693 0.11538461538461539
4 0.5877403846153846 0.6274038461538461 0.0829326923076923 0.11778846153846154
4 0.7932692307692307 0.640625 0.06971153846153846 0.10096153846153846
4 0.2692307692307692 0.6502403846153846 0.07211538461538461 0.10576923076923077
4 0.7151442307692307 0.703125 0.040865384615384616 0.13701923076923078
4 0.4483173076923077 0.7223557692307693 0.0733173076923077 0.125
4 0.6670673076923077 0.7379807692307693 0.06009615384615385 0.12740384615384615
4 0.09615384615384616 0.7800480769230769 0.06971153846153846 0.11538461538461539
4 0.4326923076923077 0.078125 0.0733173076923077 0.08774038461538461
4 0.203125 0.8016826923076923 0.0625 0.12259615384615384
4 0.8641826923076923 0.8221153846153846 0.055288461538461536 0.1346153846153846
4 0.6538461538461539 0.8786057692307693 0.078125 0.1201923076923077
4 0.8076923076923077 0.9242788461538461 0.06009615384615385 0.11778846153846154
4 0.8365384615384616 0.09254807692307693 0.055288461538461536 0.13701923076923078
4 0.7608173076923077 0.11057692307692307 0.0829326923076923 0.078125
4 0.6213942307692307 0.1502403846153846 0.078125 0.09615384615384616
4 0.36177884615384615 0.18629807692307693 0.08052884615384616 0.0985576923076923
4 0.22235576923076922 0.19591346153846154 0.07572115384615384 0.078125
4 0.02403846153846154 0.20072115384615385 0.04447115384615385 0.11298076923076923
4 0.8461538461538461 0.2247596153846154 0.08052884615384616 0.09014423076923077
4 0.9579326923076923 0.24158653846153846 0.08173076923076923 0.10576923076923077
