4 0.5685096153846154 0.32211538461538464 0.02283653846153846 0.04927884615384615
4 0.16947115384615385 0.41947115384615385 0.042067307692307696 0.054086538461538464
4 0.8317307692307693 0.5192307692307693 0.03245192307692308 0.06610576923076923
4 0.59375 0.5420673076923077 0.03485576923076923 0.06009615384615385
4 0.9579326923076923 0.5829326923076923 0.039663461538461536 0.046875
4 0.6526442307692307 0.6069711538461539 0.037259615384615384 0.046875
4 0.45072115384615385 0.6586538461538461 0.040865384615384616 0.052884615384615384
4 0.5673076923076923 0.6778846153846154 0.042067307692307696 0.04927884615384615
4 0.9314903846153846 0.7067307692307693 0.04807692307692308 0.05048076923076923
4 0.5132211538461539 0.7560096153846154 0.04567307692307692 0.052884615384615384
4 0.6033653846153846 0.8076923076923077 0.025240384615384616 0.05048076923076923
4 0.5721153846153846 0.8088942307692307 0.037259615384615384 0.04447115384615385
4 0.47716346153846156 0.8125 0.04326923076923077 0.052884615384615384
4 0.43149038461538464 0.8305288461538461 0.04326923076923077 0.054086538461538464
4 0.7860576923076923 0.9507211538461539 0.03125 0.039663461538461536
