4 0.5348557692307693 0.19471153846153846 0.05889423076923077 0.1045673076923077
4 0.9675480769230769 0.21634615384615385 0.05889423076923077 0.08774038461538461
4 0.7019230769230769 0.22956730769230768 0.04927884615384615 0.10336538461538461
4 0.22355769230769232 0.25240384615384615 0.05889423076923077 0.08413461538461539
4 0.5120192307692307 0.265625 0.06850961538461539 0.08413461538461539
4 0.9194711538461539 0.2704326923076923 0.052884615384615384 0.09014423076923077
4 0.6105769230769231 0.3485576923076923 0.0673076923076923 0.09014423076923077
4 0.9543269230769231 0.3762019230769231 0.05889423076923077 0.08413461538461539
4 0.30288461538461536 0.390625 0.056490384615384616 0.10096153846153846
4 0.45072115384615385 0.4206730769230769 0.0625 0.08774038461538461
4 0.26802884615384615 0.45072115384615385 0.06610576923076923 0.10096153846153846
4 0.8401442307692307 0.46875 0.0733173076923077 0.06009615384615385
4 0.49759615384615385 0.4879807692307692 0.06971153846153846 0.09375
4 0.6141826923076923 0.5144230769230769 0.06129807692307692 0.09735576923076923
4 0.13701923076923078 0.5492788461538461 0.06490384615384616 0.09014423076923077
4 0.3581730769230769 0.5793269230769231 0.054086538461538464 0.09014423076923077
4 0.030048076923076924 0.6286057692307693 0.038461538461538464 0.10096153846153846
4 0.24879807692307693 0.6466346153846154 0.056490384615384616 0.09975961538461539
4 0.7536057692307693 0.6706730769230769 0.040865384615384616 0.09975961538461539
4 0.19230769230769232 0.671875 0.056490384615384616 0.10096153846153846
4 0.8245192307692307 0.07091346153846154 0.042067307692307696 0.1045673076923077
4 0.6262019230769231 0.7163461538461539 0.06009615384615385 0.08052884615384616
4 0.06610576923076923 0.7596153846153846 0.0733173076923077 0.0673076923076923
4 0.328125 0.7956730769230769 0.056490384615384616 0.10096153846153846
4 0.8052884615384616 0.8269230769230769 0.05889423076923077 0.08413461538461539
4 0.22956730769230768 0.8293269230769231 0.05048076923076923 0.1045673076923077
4 0.41466346153846156 0.8701923076923077 0.06610576923076923 0.09975961538461539
4 0.6358173076923077 0.890625 0.052884615384615384 0.09735576923076923
4 0.2283653846153846 0.9423076923076923 0.06850961538461539 0.10336538461538461
4 0.7884615384615384 0.9699519230769231 0.07091346153846154 0.056490384615384616
4 0.9158653846153846 0.0985576923076923 0.04447115384615385 0.09975961538461539
4 0.14423076923076922 0.12139423076923077 0.055288461538461536 0.07932692307692307
4 0.08774038461538461 0.1310096153846154 0.0625 0.07451923076923077
4 0.24639423076923078 0.15144230769230768 0.06490384615384616 0.1045673076923077
4 0.3088942307692308 0.17548076923076922 0.05889423076923077 0.08413461538461539
4 0.02283653846153846 0.1814903846153846 0.04447115384615385 0.09975961538461539
