4 0.3870192307692308 0.19831730769230768 0.04326923076923077 0.06370192307692307
4 0.7692307692307693 0.20793269230769232 0.036057692307692304 0.08774038461538461
4 0.35697115384615385 0.265625 0.039663461538461536 0.0673076923076923
4 0.2439903846153846 0.028846153846153848 0.039663461538461536 0.057692307692307696
4 0.7524038461538461 0.2848557692307692 0.028846153846153848 0.08774038461538461
4 0.8641826923076923 0.28725961538461536 0.056490384615384616 0.078125
4 0.5084134615384616 0.3088942307692308 0.039663461538461536 0.08653846153846154
4 0.11538461538461539 0.03245192307692308 0.04807692307692308 0.06490384615384616
4 0.96875 0.32091346153846156 0.06009615384615385 0.046875
4 0.2860576923076923 0.3293269230769231 0.042067307692307696 0.08413461538461539
4 0.10576923076923077 0.35336538461538464 0.037259615384615384 0.09375
4 0.3317307692307692 0.3641826923076923 0.04807692307692308 0.056490384615384616
4 0.4026442307692308 0.36778846153846156 0.04567307692307692 0.07692307692307693
4 0.8930288461538461 0.3701923076923077 0.054086538461538464 0.07091346153846154
4 0.5324519230769231 0.3798076923076923 0.027644230769230768 0.09014423076923077
4 0.8401442307692307 0.39302884615384615 0.051682692307692304 0.07091346153846154
4 0.5600961538461539 0.040865384615384616 0.030048076923076924 0.08173076923076923
4 0.3161057692307692 0.42788461538461536 0.04447115384615385 0.08173076923076923
4 0.6310096153846154 0.42908653846153844 0.038461538461538464 0.09134615384615384
4 0.7944711538461539 0.04567307692307692 0.026442307692307692 0.08413461538461539
4 0.7151442307692307 0.4483173076923077 0.037259615384615384 0.0673076923076923
4 0.6274038461538461 0.4891826923076923 0.028846153846153848 0.08173076923076923
4 0.8689903846153846 0.5048076923076923 0.04447115384615385 0.09014423076923077
4 0.2776442307692308 0.5408653846153846 0.056490384615384616 0.09134615384615384
4 0.0889423076923077 0.5408653846153846 0.06610576923076923 0.057692307692307696
4 0.41225961538461536 0.546875 0.04807692307692308 0.09495192307692307
4 0.35697115384615385 0.5865384615384616 0.06610576923076923 0.057692307692307696
4 0.07692307692307693 0.06129807692307692 0.03365384615384615 0.054086538461538464
4 0.5769230769230769 0.6225961538461539 0.051682692307692304 0.078125
4 0.14302884615384615 0.6310096153846154 0.057692307692307696 0.06971153846153846
4 0.19471153846153846 0.6322115384615384 0.06971153846153846 0.078125
4 0.4567307692307692 0.6574519230769231 0.039663461538461536 0.09495192307692307
4 0.03485576923076923 0.6598557692307693 0.06850961538461539 0.07091346153846154
4 0.8713942307692307 0.6622596153846154 0.06490384615384616 0.0673076923076923
4 0.7668269230769231 0.6658653846153846 0.036057692307692304 0.07451923076923077
4 0.703125 0.6658653846153846 0.036057692307692304 0.06129807692307692
4 0.9314903846153846 0.6670673076923077 0.051682692307692304 0.078125
4 0.4182692307692308 0.6754807692307693 0.06610576923076923 0.08052884615384616
4 0.5396634615384616 0.6862980769230769 0.04447115384615385 0.08653846153846154
4 0.2980769230769231 0.6995192307692307 0.05889423076923077 0.078125
4 0.4987980769230769 0.7391826923076923 0.04567307692307692 0.0985576923076923
4 0.9543269230769231 0.07451923076923077 0.039663461538461536 0.078125
4 0.20793269230769232 0.7992788461538461 0.04807692307692308 0.08774038461538461
4 0.2692307692307692 0.08052884615384616 0.05889423076923077 0.07451923076923077
4 0.8653846153846154 0.8040865384615384 0.06009615384615385 0.06129807692307692
4 0.1141826923076923 0.8317307692307693 0.055288461538461536 0.09375
4 0.4987980769230769 0.08533653846153846 0.036057692307692304 0.08413461538461539
4 0.054086538461538464 0.859375 0.0625 0.08653846153846154
4 0.7463942307692307 0.8641826923076923 0.06009615384615385 0.08413461538461539
4 0.23317307692307693 0.8810096153846154 0.05889423076923077 0.08774038461538461
4 0.3641826923076923 0.8870192307692307 0.06971153846153846 0.06129807692307692
4 0.8173076923076923 0.8966346153846154 0.039663461538461536 0.10096153846153846
4 0.41947115384615385 0.9182692307692307 0.06971153846153846 0.06971153846153846
4 0.13701923076923078 0.9350961538461539 0.07451923076923077 0.06370192307692307
4 0.6502403846153846 0.9350961538461539 0.06850961538461539 0.07091346153846154
4 0.5673076923076923 0.9411057692307693 0.054086538461538464 0.09495192307692307
4 0.4483173076923077 0.09495192307692307 0.03365384615384615 0.07451923076923077
4 0.7091346153846154 0.9603365384615384 0.07091346153846154 0.0733173076923077
4 0.6358173076923077 0.11778846153846154 0.04567307692307692 0.0673076923076923
4 0.7007211538461539 0.11778846153846154 0.039663461538461536 0.07091346153846154
4 0.03245192307692308 0.12860576923076922 0.026442307692307692 0.08774038461538461
4 0.4699519230769231 0.1346153846153846 0.039663461538461536 0.078125
4 0.3737980769230769 0.14302884615384615 0.036057692307692304 0.08052884615384616
4 0.32211538461538464 0.14783653846153846 0.026442307692307692 0.078125
4 0.8533653846153846 0.14783653846153846 0.054086538461538464 0.07091346153846154
4 0.1141826923076923 0.15745192307692307 0.057692307692307696 0.054086538461538464
4 0.7331730769230769 0.1622596153846154 0.036057692307692304 0.07091346153846154
4 0.5396634615384616 0.16706730769230768 0.04567307692307692 0.06971153846153846
4 0.8954326923076923 0.16706730769230768 0.036057692307692304 0.08413461538461539
