4 0.27884615384615385 0.24639423076923078 0.027644230769230768 0.06129807692307692
4 0.46274038461538464 0.2548076923076923 0.036057692307692304 0.06370192307692307
4 0.2091346153846154 0.2620192307692308 0.036057692307692304 0.0733173076923077
4 0.6850961538461539 0.2644230769230769 0.04447115384615385 0.0733173076923077
4 0.09615384615384616 0.265625 0.02403846153846154 0.06610576923076923
4 0.6189903846153846 0.27884615384615385 0.039663461538461536 0.039663461538461536
4 0.8605769230769231 0.2932692307692308 0.039663461538461536 0.056490384615384616
4 0.2800480769230769 0.2956730769230769 0.046875 0.046875
4 0.4699519230769231 0.35096153846153844 0.021634615384615384 0.0733173076923077
4 0.5264423076923077 0.3545673076923077 0.040865384615384616 0.042067307692307696
4 0.3954326923076923 0.3605769230769231 0.052884615384615384 0.039663461538461536
4 0.34134615384615385 0.3641826923076923 0.04567307692307692 0.042067307692307696
4 0.12860576923076922 0.3641826923076923 0.046875 0.056490384615384616
4 0.23557692307692307 0.39783653846153844 0.054086538461538464 0.042067307692307696
4 0.5757211538461539 0.41225961538461536 0.027644230769230768 0.0733173076923077
4 0.19831730769230768 0.41346153846153844 0.054086538461538464 0.051682692307692304
4 0.5324519230769231 0.4170673076923077 0.028846153846153848 0.06850961538461539
4 0.2848557692307692 0.4182692307692308 0.04567307692307692 0.051682692307692304
4 0.06610576923076923 0.4230769230769231 0.054086538461538464 0.037259615384615384
4 0.7235576923076923 0.42788461538461536 0.046875 0.03245192307692308
4 0.6081730769230769 0.43990384615384615 0.046875 0.046875
4 0.6826923076923077 0.45072115384615385 0.042067307692307696 0.028846153846153848
4 0.24158653846153846 0.47836538461538464 0.02283653846153846 0.0733173076923077
4 0.20192307692307693 0.4807692307692308 0.037259615384615384 0.05889423076923077
4 0.6141826923076923 0.4951923076923077 0.042067307692307696 0.03485576923076923
4 0.7463942307692307 0.5108173076923077 0.042067307692307696 0.06610576923076923
4 0.8052884615384616 0.5144230769230769 0.03485576923076923 0.04927884615384615
4 0.42427884615384615 0.5276442307692307 0.046875 0.08052884615384616
4 0.20673076923076922 0.5336538461538461 0.040865384615384616 0.07572115384615384
4 0.46274038461538464 0.5360576923076923 0.052884615384615384 0.07091346153846154
4 0.3016826923076923 0.546875 0.046875 0.04927884615384615
4 0.5012019230769231 0.5528846153846154 0.04567307692307692 0.051682692307692304
4 0.7055288461538461 0.5588942307692307 0.027644230769230768 0.05889423076923077
4 0.11298076923076923 0.5745192307692307 0.039663461538461536 0.056490384615384616
4 0.4014423076923077 0.5901442307692307 0.04447115384615385 0.05889423076923077
4 0.5709134615384616 0.5901442307692307 0.046875 0.054086538461538464
4 0.17668269230769232 0.6057692307692307 0.052884615384615384 0.04927884615384615
4 0.7752403846153846 0.6057692307692307 0.021634615384615384 0.0733173076923077
4 0.22355769230769232 0.6081730769230769 0.03245192307692308 0.0829326923076923
4 0.8485576923076923 0.6081730769230769 0.028846153846153848 0.06370192307692307
4 0.6033653846153846 0.6117788461538461 0.042067307692307696 0.06129807692307692
4 0.6478365384615384 0.6189903846153846 0.046875 0.042067307692307696
4 0.703125 0.6490384615384616 0.04447115384615385 0.05889423076923077
4 0.5396634615384616 0.6586538461538461 0.037259615384615384 0.07091346153846154
4 0.0829326923076923 0.6586538461538461 0.054086538461538464 0.03245192307692308
4 0.4074519230769231 0.6670673076923077 0.042067307692307696 0.054086538461538464
4 0.3605769230769231 0.6694711538461539 0.055288461538461536 0.039663461538461536
4 0.5012019230769231 0.6802884615384616 0.042067307692307696 0.06610576923076923
4 0.24879807692307693 0.6875 0.03245192307692308 0.06610576923076923
4 0.6177884615384616 0.6923076923076923 0.039663461538461536 0.06610576923076923
4 0.29447115384615385 0.7103365384615384 0.03125 0.05889423076923077
4 0.33533653846153844 0.7427884615384616 0.036057692307692304 0.078125
4 0.3870192307692308 0.7451923076923077 0.054086538461538464 0.06850961538461539
4 0.6622596153846154 0.7776442307692307 0.05048076923076923 0.056490384615384616
4 0.8305288461538461 0.7788461538461539 0.042067307692307696 0.039663461538461536
4 0.49158653846153844 0.7884615384615384 0.05048076923076923 0.06129807692307692
4 0.5793269230769231 0.8389423076923077 0.046875 0.056490384615384616
4 0.41346153846153844 0.8461538461538461 0.052884615384615384 0.039663461538461536
4 0.22596153846153846 0.8569711538461539 0.040865384615384616 0.07572115384615384
4 0.4675480769230769 0.8701923076923077 0.04927884615384615 0.0829326923076923
4 0.5961538461538461 0.8930288461538461 0.03485576923076923 0.07572115384615384
4 0.3605769230769231 0.09014423076923077 0.028846153846153848 0.0829326923076923
4 0.4519230769230769 0.10576923076923077 0.05048076923076923 0.04927884615384615
4 0.6370192307692307 0.12139423076923077 0.042067307692307696 0.051682692307692304
4 0.5961538461538461 0.15144230769230768 0.036057692307692304 0.0829326923076923
4 0.5204326923076923 0.17067307692307693 0.046875 0.042067307692307696
4 0.45552884615384615 0.18389423076923078 0.039663461538461536 0.06370192307692307
4 0.4182692307692308 0.203125 0.042067307692307696 0.028846153846153848
4 0.3112980769230769 0.20552884615384615 0.027644230769230768 0.0733173076923077
4 0.1622596153846154 0.2127403846153846 0.037259615384615384 0.06370192307692307
4 0.2247596153846154 0.2283653846153846 0.046875 0.06370192307692307
4 0.38100961538461536 0.23076923076923078 0.026442307692307692 0.06850961538461539
4 0.7524038461538461 0.23677884615384615 0.04447115384615385 0.051682692307692304
4 0.5504807692307693 0.24278846153846154 0.04927884615384615 0.054086538461538464
4 0.5925480769230769 0.24278846153846154 0.037259615384615384 0.03485576923076923
