4 0.6189903846153846 0.29447115384615385 0.10216346153846154 0.1310096153846154
4 0.23197115384615385 0.33052884615384615 0.06971153846153846 0.14543269230769232
4 0.4519230769230769 0.35096153846153844 0.08052884615384616 0.125
4 0.13341346153846154 0.36778846153846156 0.05889423076923077 0.15264423076923078
4 0.7487980769230769 0.421875 0.09975961538461539 0.1201923076923077
4 0.3737980769230769 0.47716346153846156 0.09975961538461539 0.12379807692307693
4 0.8533653846153846 0.484375 0.05889423076923077 0.15264423076923078
4 0.45072115384615385 0.5865384615384616 0.08052884615384616 0.16466346153846154
4 0.40024038461538464 0.6887019230769231 0.06971153846153846 0.17067307692307693
4 0.11057692307692307 0.7055288461538461 0.11298076923076923 0.13221153846153846
4 0.6526442307692307 0.7740384615384616 0.12139423076923077 0.12139423076923077
4 0.5769230769230769 0.15985576923076922 0.057692307692307696 0.13942307692307693
