4 0.21634615384615385 0.19591346153846154 0.052884615384615384 0.08052884615384616
4 0.44711538461538464 0.20432692307692307 0.07091346153846154 0.109375
4 0.7043269230769231 0.2127403846153846 0.06610576923076923 0.0733173076923077
4 0.0625 0.23197115384615385 0.07451923076923077 0.054086538461538464
4 0.8064903846153846 0.25 0.0733173076923077 0.1045673076923077
4 0.7355769230769231 0.25961538461538464 0.0673076923076923 0.09975961538461539
4 0.30528846153846156 0.27403846153846156 0.0733173076923077 0.03365384615384615
4 0.2403846153846154 0.2860576923076923 0.0733173076923077 0.10697115384615384
4 0.28846153846153844 0.3269230769230769 0.0625 0.057692307692307696
4 0.7884615384615384 0.3329326923076923 0.08653846153846154 0.057692307692307696
4 0.20552884615384615 0.34375 0.06370192307692307 0.11658653846153846
4 0.3701923076923077 0.37259615384615385 0.056490384615384616 0.09975961538461539
4 0.057692307692307696 0.3798076923076923 0.056490384615384616 0.10697115384615384
4 0.9543269230769231 0.38822115384615385 0.03365384615384615 0.1045673076923077
4 0.5985576923076923 0.3954326923076923 0.07451923076923077 0.109375
4 0.8870192307692307 0.40865384615384615 0.04447115384615385 0.0829326923076923
4 0.44591346153846156 0.41346153846153844 0.05048076923076923 0.09134615384615384
4 0.8317307692307693 0.43028846153846156 0.07451923076923077 0.10697115384615384
4 0.2956730769230769 0.44471153846153844 0.054086538461538464 0.109375
4 0.6286057692307693 0.4723557692307692 0.06610576923076923 0.07451923076923077
4 0.39783653846153844 0.47475961538461536 0.05889423076923077 0.09735576923076923
4 0.15504807692307693 0.4891826923076923 0.06610576923076923 0.08413461538461539
4 0.07692307692307693 0.4891826923076923 0.07572115384615384 0.08653846153846154
4 0.22956730769230768 0.49278846153846156 0.055288461538461536 0.10697115384615384
4 0.5456730769230769 0.5084134615384616 0.0733173076923077 0.08653846153846154
4 0.6442307692307693 0.6069711538461539 0.04927884615384615 0.09134615384615384
4 0.6959134615384616 0.6274038461538461 0.05889423076923077 0.08413461538461539
4 0.8689903846153846 0.6322115384615384 0.056490384615384616 0.09735576923076923
4 0.5745192307692307 0.7019230769230769 0.0733173076923077 0.09375
4 0.08533653846153846 0.7079326923076923 0.0733173076923077 0.1141826923076923
4 0.23918269230769232 0.7115384615384616 0.06971153846153846 0.0733173076923077
4 0.7800480769230769 0.07091346153846154 0.06610576923076923 0.09014423076923077
4 0.1814903846153846 0.7307692307692307 0.042067307692307696 0.10697115384615384
4 0.030048076923076924 0.7391826923076923 0.06009615384615385 0.07451923076923077
4 0.30528846153846156 0.7896634615384616 0.05048076923076923 0.1045673076923077
4 0.7944711538461539 0.8149038461538461 0.06610576923076923 0.1141826923076923
4 0.12139423076923077 0.8149038461538461 0.03125 0.08774038461538461
4 0.9338942307692307 0.84375 0.07572115384615384 0.1141826923076923
4 0.4519230769230769 0.8545673076923077 0.06610576923076923 0.1141826923076923
4 0.6021634615384616 0.0889423076923077 0.05889423076923077 0.11778846153846154
4 0.20673076923076922 0.9375 0.07211538461538461 0.0829326923076923
4 0.6358173076923077 0.9399038461538461 0.03245192307692308 0.11658653846153846
4 0.41225961538461536 0.11538461538461539 0.07572115384615384 0.08413461538461539
4 0.8653846153846154 0.1622596153846154 0.07211538461538461 0.11057692307692307
4 0.020432692307692308 0.18389423076923078 0.040865384615384616 0.1201923076923077
