4 0.9326923076923077 0.23317307692307693 0.08653846153846154 0.1045673076923077
4 0.14423076923076922 0.265625 0.09014423076923077 0.11298076923076923
4 0.5492788461538461 0.030048076923076924 0.07932692307692307 0.06009615384615385
4 0.9230769230769231 0.33413461538461536 0.06490384615384616 0.08533653846153846
4 0.8401442307692307 0.35697115384615385 0.06850961538461539 0.06971153846153846
4 0.9651442307692307 0.3798076923076923 0.0673076923076923 0.11057692307692307
4 0.5228365384615384 0.3942307692307692 0.08774038461538461 0.11298076923076923
4 0.6538461538461539 0.39663461538461536 0.0733173076923077 0.1045673076923077
4 0.7079326923076923 0.040865384615384616 0.07211538461538461 0.056490384615384616
4 0.030048076923076924 0.4170673076923077 0.06009615384615385 0.1201923076923077
4 0.13701923076923078 0.43149038461538464 0.06490384615384616 0.078125
4 0.4387019230769231 0.4375 0.09254807692307693 0.11298076923076923
4 0.7103365384615384 0.44591346153846156 0.057692307692307696 0.0985576923076923
4 0.9543269230769231 0.47596153846153844 0.08533653846153846 0.09375
4 0.04807692307692308 0.49759615384615385 0.0829326923076923 0.09375
4 0.8605769230769231 0.5 0.06370192307692307 0.09375
4 0.3329326923076923 0.5168269230769231 0.0985576923076923 0.109375
4 0.15985576923076922 0.054086538461538464 0.078125 0.06971153846153846
4 0.6490384615384616 0.5576923076923077 0.0673076923076923 0.09975961538461539
4 0.0829326923076923 0.5649038461538461 0.09495192307692307 0.12379807692307693
4 0.9495192307692307 0.5757211538461539 0.08533653846153846 0.09975961538461539
4 0.5012019230769231 0.6045673076923077 0.0829326923076923 0.1201923076923077
4 0.27283653846153844 0.6189903846153846 0.07572115384615384 0.1045673076923077
4 0.5697115384615384 0.6358173076923077 0.0985576923076923 0.12620192307692307
4 0.796875 0.6634615384615384 0.08173076923076923 0.11538461538461539
4 0.15384615384615385 0.6754807692307693 0.09495192307692307 0.12620192307692307
4 0.47716346153846156 0.7103365384615384 0.08774038461538461 0.11298076923076923
4 0.14903846153846154 0.7716346153846154 0.07211538461538461 0.08774038461538461
4 0.34134615384615385 0.7764423076923077 0.08774038461538461 0.11057692307692307
4 0.47596153846153844 0.8233173076923077 0.09615384615384616 0.12259615384615384
4 0.703125 0.8317307692307693 0.09975961538461539 0.13341346153846154
4 0.28846153846153844 0.08533653846153846 0.09615384615384616 0.09134615384615384
4 0.7632211538461539 0.8653846153846154 0.09134615384615384 0.1346153846153846
4 0.25 0.890625 0.07211538461538461 0.12620192307692307
4 0.33533653846153844 0.9326923076923077 0.08774038461538461 0.1310096153846154
4 0.21754807692307693 0.09495192307692307 0.0733173076923077 0.08052884615384616
4 0.5997596153846154 0.9387019230769231 0.0985576923076923 0.11778846153846154
4 0.5384615384615384 0.12620192307692307 0.08052884615384616 0.06971153846153846
4 0.3557692307692308 0.14543269230769232 0.08653846153846154 0.07572115384615384
4 0.14182692307692307 0.15264423076923078 0.08653846153846154 0.1045673076923077
