4 0.8485576923076923 0.22596153846153846 0.11298076923076923 0.18870192307692307
4 0.296875 0.25600961538461536 0.06370192307692307 0.15985576923076922
4 0.39903846153846156 0.2704326923076923 0.1141826923076923 0.20673076923076922
4 0.5048076923076923 0.3076923076923077 0.0829326923076923 0.18389423076923078
4 0.45913461538461536 0.4170673076923077 0.07211538461538461 0.1622596153846154
4 0.3485576923076923 0.46033653846153844 0.10697115384615384 0.19951923076923078
4 0.6935096153846154 0.4963942307692308 0.08173076923076923 0.18028846153846154
4 0.40865384615384615 0.5540865384615384 0.09134615384615384 0.13581730769230768
4 0.17548076923076922 0.6237980769230769 0.07572115384615384 0.20192307692307693
4 0.29447115384615385 0.6514423076923077 0.11538461538461539 0.18629807692307693
4 0.9387019230769231 0.8016826923076923 0.10697115384615384 0.18629807692307693
4 0.4362980769230769 0.8545673076923077 0.08173076923076923 0.16706730769230768
4 0.24759615384615385 0.8846153846153846 0.11177884615384616 0.125
4 0.5709134615384616 0.9254807692307693 0.10817307692307693 0.14423076923076922
4 0.30528846153846156 0.9350961538461539 0.10817307692307693 0.07572115384615384
4 0.20793269230769232 0.12620192307692307 0.10817307692307693 0.08413461538461539
4 0.33413461538461536 0.14182692307692307 0.0985576923076923 0.19951923076923078
4 0.4651442307692308 0.1658653846153846 0.10336538461538461 0.13942307692307693
4 0.12860576923076922 0.17307692307692307 0.11177884615384616 0.08413461538461539
4 0.9591346153846154 0.20673076923076922 0.07932692307692307 0.12860576923076922
