4 0.3918269230769231 0.18870192307692307 0.051682692307692304 0.0985576923076923
4 0.06850961538461539 0.1935096153846154 0.09254807692307693 0.052884615384615384
4 0.7283653846153846 0.21514423076923078 0.08173076923076923 0.09375
4 0.9122596153846154 0.2247596153846154 0.0673076923076923 0.05889423076923077
4 0.6418269230769231 0.24639423076923078 0.051682692307692304 0.06490384615384616
4 0.9711538461538461 0.2980769230769231 0.056490384615384616 0.10336538461538461
4 0.7908653846153846 0.31971153846153844 0.08173076923076923 0.08653846153846154
4 0.6911057692307693 0.39783653846153844 0.0625 0.11298076923076923
4 0.2704326923076923 0.41346153846153844 0.056490384615384616 0.0733173076923077
4 0.5324519230769231 0.41466346153846156 0.08052884615384616 0.078125
4 0.06971153846153846 0.4206730769230769 0.057692307692307696 0.11778846153846154
4 0.4639423076923077 0.4483173076923077 0.09134615384615384 0.0733173076923077
4 0.5913461538461539 0.453125 0.07091346153846154 0.08653846153846154
4 0.9122596153846154 0.4543269230769231 0.0673076923076923 0.08533653846153846
4 0.5240384615384616 0.04807692307692308 0.04807692307692308 0.09495192307692307
4 0.27403846153846156 0.5396634615384616 0.07932692307692307 0.10817307692307693
4 0.4326923076923077 0.5396634615384616 0.04807692307692308 0.10336538461538461
4 0.3173076923076923 0.056490384615384616 0.07091346153846154 0.056490384615384616
4 0.08052884615384616 0.057692307692307696 0.08173076923076923 0.11538461538461539
4 0.06009615384615385 0.6177884615384616 0.09254807692307693 0.08052884615384616
4 0.27403846153846156 0.6322115384615384 0.0625 0.0733173076923077
4 0.9459134615384616 0.6322115384615384 0.04927884615384615 0.09134615384615384
4 0.6153846153846154 0.6670673076923077 0.06009615384615385 0.11057692307692307
4 0.5540865384615384 0.6730769230769231 0.057692307692307696 0.07211538461538461
4 0.8137019230769231 0.7079326923076923 0.0733173076923077 0.06850961538461539
4 0.08052884615384616 0.7199519230769231 0.07692307692307693 0.09615384615384616
4 0.265625 0.7403846153846154 0.0733173076923077 0.078125
4 0.3942307692307692 0.7596153846153846 0.06129807692307692 0.1045673076923077
4 0.48677884615384615 0.7620192307692307 0.08653846153846154 0.10817307692307693
4 0.7139423076923077 0.7788461538461539 0.08533653846153846 0.06129807692307692
4 0.8185096153846154 0.8028846153846154 0.056490384615384616 0.10336538461538461
4 0.5733173076923077 0.8233173076923077 0.06490384615384616 0.0829326923076923
4 0.2956730769230769 0.8377403846153846 0.055288461538461536 0.08774038461538461
4 0.6538461538461539 0.8846153846153846 0.08413461538461539 0.06850961538461539
4 0.8100961538461539 0.890625 0.05048076923076923 0.0985576923076923
4 0.7259615384615384 0.9122596153846154 0.06009615384615385 0.06490384615384616
4 0.44471153846153844 0.9242788461538461 0.08052884615384616 0.06129807692307692
4 0.22956730769230768 0.9567307692307693 0.0673076923076923 0.0829326923076923
4 0.6213942307692307 0.9591346153846154 0.08173076923076923 0.078125
4 0.6682692307692307 0.10576923076923077 0.056490384615384616 0.08533653846153846
