4 0.5456730769230769 0.3581730769230769 0.07451923076923077 0.140625
4 0.47716346153846156 0.36177884615384615 0.0985576923076923 0.07091346153846154
4 0.13822115384615385 0.3942307692307692 0.08413461538461539 0.16346153846153846
4 0.8858173076923077 0.49038461538461536 0.0889423076923077 0.1466346153846154
4 0.4951923076923077 0.5132211538461539 0.10576923076923077 0.10096153846153846
4 0.16706730769230768 0.5324519230769231 0.0625 0.15504807692307693
4 0.4699519230769231 0.6081730769230769 0.10817307692307693 0.12740384615384615
4 0.30528846153846156 0.6742788461538461 0.09735576923076923 0.16466346153846154
4 0.2283653846153846 0.7199519230769231 0.10216346153846154 0.15865384615384615
4 0.8173076923076923 0.765625 0.11057692307692307 0.16105769230769232
4 0.6262019230769231 0.8353365384615384 0.10096153846153846 0.09014423076923077
4 0.3762019230769231 0.8834134615384616 0.04567307692307692 0.16105769230769232
4 0.6730769230769231 0.09134615384615384 0.08173076923076923 0.15384615384615385
4 0.6658653846153846 0.9423076923076923 0.11057692307692307 0.11057692307692307
