4 0.5084134615384616 0.265625 0.078125 0.08052884615384616
4 0.0889423076923077 0.265625 0.0829326923076923 0.12980769230769232
4 0.4098557692307692 0.2668269230769231 0.078125 0.05889423076923077
4 0.8040865384615384 0.2860576923076923 0.08173076923076923 0.1201923076923077
4 0.6262019230769231 0.28846153846153844 0.08653846153846154 0.06610576923076923
4 0.15384615384615385 0.3016826923076923 0.04567307692307692 0.13221153846153846
4 0.8112980769230769 0.03365384615384615 0.0829326923076923 0.06610576923076923
4 0.28966346153846156 0.32572115384615385 0.08173076923076923 0.06850961538461539
4 0.04447115384615385 0.36899038461538464 0.05048076923076923 0.11538461538461539
4 0.5757211538461539 0.3894230769230769 0.054086538461538464 0.10817307692307693
4 0.8413461538461539 0.3894230769230769 0.055288461538461536 0.0985576923076923
4 0.9423076923076923 0.3954326923076923 0.0625 0.11538461538461539
4 0.27884615384615385 0.40865384615384615 0.039663461538461536 0.12980769230769232
4 0.2536057692307692 0.41225961538461536 0.040865384615384616 0.15144230769230768
4 0.10096153846153846 0.45072115384615385 0.0829326923076923 0.06850961538461539
4 0.4495192307692308 0.4519230769230769 0.039663461538461536 0.125
4 0.41947115384615385 0.46033653846153844 0.039663461538461536 0.12259615384615384
4 0.8040865384615384 0.47115384615384615 0.078125 0.06370192307692307
4 0.33533653846153844 0.4807692307692308 0.06850961538461539 0.078125
4 0.03365384615384615 0.5048076923076923 0.0673076923076923 0.0733173076923077
4 0.9074519230769231 0.5528846153846154 0.05889423076923077 0.11538461538461539
4 0.039663461538461536 0.5600961538461539 0.07692307692307693 0.09615384615384616
4 0.4519230769230769 0.5625 0.04447115384615385 0.1201923076923077
4 0.23317307692307693 0.5661057692307693 0.06971153846153846 0.12740384615384615
4 0.7355769230769231 0.5973557692307693 0.06850961538461539 0.10576923076923077
4 0.10817307692307693 0.6670673076923077 0.08653846153846154 0.0829326923076923
4 0.6358173076923077 0.6742788461538461 0.06490384615384616 0.09254807692307693
4 0.5288461538461539 0.6778846153846154 0.0625 0.125
4 0.8665865384615384 0.6850961538461539 0.08653846153846154 0.08533653846153846
4 0.027644230769230768 0.6911057692307693 0.055288461538461536 0.11298076923076923
4 0.7439903846153846 0.6995192307692307 0.0625 0.10576923076923077
4 0.30408653846153844 0.7524038461538461 0.06490384615384616 0.10336538461538461
4 0.8990384615384616 0.7692307692307693 0.057692307692307696 0.11778846153846154
4 0.11658653846153846 0.7692307692307693 0.06009615384615385 0.10817307692307693
4 0.5168269230769231 0.07932692307692307 0.0829326923076923 0.09014423076923077
4 0.3557692307692308 0.8137019230769231 0.04927884615384615 0.12740384615384615
4 0.6466346153846154 0.8269230769230769 0.06971153846153846 0.10096153846153846
4 0.9362980769230769 0.8497596153846154 0.052884615384615384 0.09014423076923077
4 0.24158653846153846 0.8533653846153846 0.08533653846153846 0.05889423076923077
4 0.8834134615384616 0.8858173076923077 0.052884615384615384 0.11057692307692307
4 0.11298076923076923 0.8942307692307693 0.06370192307692307 0.11298076923076923
4 0.4014423076923077 0.9050480769230769 0.08052884615384616 0.125
4 0.5649038461538461 0.9146634615384616 0.0829326923076923 0.10336538461538461
4 0.8088942307692307 0.9242788461538461 0.08173076923076923 0.078125
4 0.328125 0.9278846153846154 0.07572115384615384 0.07572115384615384
4 0.5180288461538461 0.9423076923076923 0.052884615384615384 0.11057692307692307
4 0.9170673076923077 0.09615384615384616 0.06490384615384616 0.12740384615384615
4 0.6887019230769231 0.9651442307692307 0.0673076923076923 0.06370192307692307
4 0.59375 0.9699519230769231 0.08052884615384616 0.056490384615384616
4 0.17067307692307693 0.10576923076923077 0.054086538461538464 0.0985576923076923
4 0.06129807692307692 0.1141826923076923 0.0673076923076923 0.09014423076923077
4 0.6706730769230769 0.11778846153846154 0.0829326923076923 0.12740384615384615
4 0.04326923076923077 0.1778846153846154 0.05048076923076923 0.1201923076923077
4 0.46153846153846156 0.18028846153846154 0.0829326923076923 0.06610576923076923
4 0.9735576923076923 0.18629807692307693 0.05048076923076923 0.13221153846153846
4 0.8798076923076923 0.20793269230769232 0.0673076923076923 0.12740384615384615
4 0.6370192307692307 0.22716346153846154 0.08173076923076923 0.07091346153846154
