4 0.6286057692307693 0.2848557692307692 0.039663461538461536 0.10336538461538461
4 0.9495192307692307 0.33774038461538464 0.055288461538461536 0.10096153846153846
4 0.8257211538461539 0.34375 0.057692307692307696 0.0985576923076923
4 0.22355769230769232 0.44711538461538464 0.03245192307692308 0.09375
4 0.47596153846153844 0.4543269230769231 0.0733173076923077 0.10336538461538461
4 0.6129807692307693 0.4639423076923077 0.036057692307692304 0.11298076923076923
4 0.7896634615384616 0.5024038461538461 0.028846153846153848 0.11057692307692307
4 0.11899038461538461 0.5108173076923077 0.039663461538461536 0.10817307692307693
4 0.4651442307692308 0.5528846153846154 0.03485576923076923 0.10817307692307693
4 0.04326923076923077 0.5985576923076923 0.03485576923076923 0.11057692307692307
4 0.4987980769230769 0.6610576923076923 0.03125 0.11298076923076923
4 0.7415865384615384 0.6634615384615384 0.027644230769230768 0.11298076923076923
4 0.5204326923076923 0.8173076923076923 0.07692307692307693 0.10096153846153846
4 0.5408653846153846 0.22235576923076922 0.06490384615384616 0.08052884615384616
