4 0.47716346153846156 0.18870192307692307 0.056490384615384616 0.08413461538461539
4 0.296875 0.20432692307692307 0.04326923076923077 0.10096153846153846
4 0.14903846153846154 0.21394230769230768 0.055288461538461536 0.07932692307692307
4 0.5949519230769231 0.2247596153846154 0.06610576923076923 0.0733173076923077
4 0.9002403846153846 0.2247596153846154 0.0673076923076923 0.0733173076923077
4 0.3269230769230769 0.23677884615384615 0.042067307692307696 0.11057692307692307
4 0.234375 0.23918269230769232 0.06129807692307692 0.08052884615384616
4 0.5144230769230769 0.24519230769230768 0.04567307692307692 0.07451923076923077
4 0.6826923076923077 0.2848557692307692 0.0673076923076923 0.056490384615384616
4 0.5012019230769231 0.03125 0.06009615384615385 0.0625
4 0.052884615384615384 0.30528846153846156 0.06009615384615385 0.0829326923076923
4 0.015625 0.3233173076923077 0.03125 0.10817307692307693
4 0.5168269230769231 0.33052884615384615 0.04567307692307692 0.07932692307692307
4 0.27403846153846156 0.35096153846153844 0.04567307692307692 0.10096153846153846
4 0.38100961538461536 0.359375 0.051682692307692304 0.08413461538461539
4 0.18509615384615385 0.3641826923076923 0.038461538461538464 0.11298076923076923
4 0.30408653846153844 0.4014423076923077 0.04326923076923077 0.09735576923076923
4 0.4254807692307692 0.40865384615384615 0.06850961538461539 0.0733173076923077
4 0.5048076923076923 0.4182692307692308 0.056490384615384616 0.09375
4 0.9435096153846154 0.4675480769230769 0.057692307692307696 0.1045673076923077
4 0.08052884615384616 0.4807692307692308 0.05889423076923077 0.109375
4 0.33533653846153844 0.04927884615384615 0.06009615384615385 0.08413461538461539
4 0.6346153846153846 0.49158653846153844 0.04567307692307692 0.1045673076923077
4 0.7908653846153846 0.5024038461538461 0.054086538461538464 0.07692307692307693
4 0.5961538461538461 0.05048076923076923 0.052884615384615384 0.07091346153846154
4 0.3870192307692308 0.5336538461538461 0.08052884615384616 0.10336538461538461
4 0.9170673076923077 0.5348557692307693 0.056490384615384616 0.06009615384615385
4 0.49278846153846156 0.5360576923076923 0.051682692307692304 0.09615384615384616
4 0.6983173076923077 0.5372596153846154 0.04447115384615385 0.08774038461538461
4 0.5913461538461539 0.5600961538461539 0.07091346153846154 0.0733173076923077
4 0.03125 0.5673076923076923 0.039663461538461536 0.10336538461538461
4 0.1622596153846154 0.5793269230769231 0.07211538461538461 0.109375
4 0.1045673076923077 0.05889423076923077 0.038461538461538464 0.08774038461538461
4 0.9074519230769231 0.5889423076923077 0.04447115384615385 0.07451923076923077
4 0.5408653846153846 0.59375 0.06971153846153846 0.054086538461538464
4 0.34975961538461536 0.6081730769230769 0.0733173076923077 0.11298076923076923
4 0.7740384615384616 0.6370192307692307 0.06490384615384616 0.06610576923076923
4 0.18028846153846154 0.6454326923076923 0.057692307692307696 0.09375
4 0.25600961538461536 0.671875 0.07211538461538461 0.1045673076923077
4 0.8894230769230769 0.6862980769230769 0.06610576923076923 0.06009615384615385
4 0.12740384615384615 0.7067307692307693 0.04927884615384615 0.11057692307692307
4 0.4254807692307692 0.7079326923076923 0.0733173076923077 0.10697115384615384
4 0.7668269230769231 0.7367788461538461 0.0733173076923077 0.04447115384615385
4 0.4951923076923077 0.7716346153846154 0.055288461538461536 0.12980769230769232
4 0.8137019230769231 0.7860576923076923 0.0733173076923077 0.0673076923076923
4 0.5901442307692307 0.7932692307692307 0.06971153846153846 0.10697115384615384
4 0.44591346153846156 0.8185096153846154 0.06490384615384616 0.10697115384615384
4 0.5288461538461539 0.859375 0.07211538461538461 0.0829326923076923
4 0.14903846153846154 0.8725961538461539 0.055288461538461536 0.09014423076923077
4 0.2403846153846154 0.8870192307692307 0.040865384615384616 0.09975961538461539
4 0.18629807692307693 0.9098557692307693 0.0673076923076923 0.09735576923076923
4 0.9086538461538461 0.9182692307692307 0.0673076923076923 0.10336538461538461
4 0.42788461538461536 0.9362980769230769 0.0733173076923077 0.10096153846153846
4 0.7151442307692307 0.9362980769230769 0.04807692307692308 0.10096153846153846
4 0.09495192307692307 0.9591346153846154 0.052884615384615384 0.07451923076923077
4 0.7596153846153846 0.1141826923076923 0.06850961538461539 0.07091346153846154
4 0.6706730769230769 0.11778846153846154 0.05889423076923077 0.11658653846153846
