4 0.265625 0.41346153846153844 0.02403846153846154 0.07572115384615384
4 0.7307692307692307 0.44711538461538464 0.027644230769230768 0.09615384615384616
4 0.8293269230769231 0.45552884615384615 0.02403846153846154 0.0985576923076923
4 0.11899038461538461 0.48197115384615385 0.026442307692307692 0.10096153846153846
4 0.15985576923076922 0.5168269230769231 0.03125 0.0985576923076923
4 0.7584134615384616 0.5360576923076923 0.037259615384615384 0.09014423076923077
4 0.34975961538461536 0.5408653846153846 0.055288461538461536 0.06610576923076923
4 0.23557692307692307 0.5432692307692307 0.02283653846153846 0.10576923076923077
4 0.6814903846153846 0.5588942307692307 0.0625 0.09254807692307693
4 0.27403846153846156 0.5709134615384616 0.028846153846153848 0.0985576923076923
4 0.5456730769230769 0.6045673076923077 0.042067307692307696 0.10576923076923077
4 0.32572115384615385 0.6466346153846154 0.0625 0.08774038461538461
4 0.6814903846153846 0.6502403846153846 0.05889423076923077 0.09615384615384616
4 0.6129807692307693 0.75 0.05889423076923077 0.10817307692307693
