4 0.8377403846153846 0.29447115384615385 0.09134615384615384 0.12379807692307693
4 0.7475961538461539 0.3125 0.09254807692307693 0.13221153846153846
4 0.6442307692307693 0.3173076923076923 0.0985576923076923 0.14182692307692307
4 0.8233173076923077 0.4110576923076923 0.08173076923076923 0.13221153846153846
4 0.6971153846153846 0.41947115384615385 0.10096153846153846 0.125
4 0.3125 0.4639423076923077 0.10336538461538461 0.11177884615384616
4 0.40625 0.5084134615384616 0.08653846153846154 0.0985576923076923
4 0.6538461538461539 0.5168269230769231 0.11057692307692307 0.1502403846153846
4 0.8605769230769231 0.5252403846153846 0.0733173076923077 0.10576923076923077
4 0.45913461538461536 0.5805288461538461 0.0985576923076923 0.09014423076923077
4 0.9194711538461539 0.5853365384615384 0.04447115384615385 0.125
4 0.25841346153846156 0.6057692307692307 0.09615384615384616 0.11177884615384616
4 0.953125 0.6995192307692307 0.09014423076923077 0.12139423076923077
4 0.11298076923076923 0.734375 0.04927884615384615 0.14182692307692307
4 0.39903846153846156 0.8076923076923077 0.08653846153846154 0.1346153846153846
4 0.7019230769230769 0.8221153846153846 0.10336538461538461 0.1141826923076923
4 0.5600961538461539 0.9170673076923077 0.0985576923076923 0.13942307692307693
4 0.6189903846153846 0.18509615384615385 0.09495192307692307 0.13221153846153846
4 0.5192307692307693 0.2091346153846154 0.09615384615384616 0.13701923076923078
