4 0.5168269230769231 0.25721153846153844 0.14903846153846154 0.21514423076923078
4 0.171875 0.38341346153846156 0.1502403846153846 0.2127403846153846
4 0.6610576923076923 0.4026442307692308 0.14543269230769232 0.2283653846153846
4 0.5060096153846154 0.49759615384615385 0.15504807692307693 0.23557692307692307
4 0.8605769230769231 0.5612980769230769 0.15985576923076922 0.24519230769230768
4 0.3894230769230769 0.6045673076923077 0.12860576923076922 0.18870192307692307
4 0.06490384615384616 0.6045673076923077 0.12259615384615384 0.22355769230769232
4 0.6490384615384616 0.6237980769230769 0.14423076923076922 0.19831730769230768
4 0.23557692307692307 0.6502403846153846 0.1466346153846154 0.23798076923076922
4 0.7824519230769231 0.0733173076923077 0.14543269230769232 0.1466346153846154
4 0.5168269230769231 0.8377403846153846 0.14903846153846154 0.22115384615384615
4 0.056490384615384616 0.8485576923076923 0.11298076923076923 0.22115384615384615
4 0.9194711538461539 0.8737980769230769 0.15144230769230768 0.24278846153846154
4 0.29927884615384615 0.9050480769230769 0.1502403846153846 0.18389423076923078
4 0.19230769230769232 0.18990384615384615 0.15504807692307693 0.2283653846153846
4 0.08413461538461539 0.19110576923076922 0.11899038461538461 0.23076923076923078
4 0.8978365384615384 0.1935096153846154 0.15144230769230768 0.22596153846153846
4 0.6899038461538461 0.21634615384615385 0.15384615384615385 0.20793269230769232
