4 0.46033653846153844 0.4411057692307692 0.0985576923076923 0.14182692307692307
4 0.5588942307692307 0.4675480769230769 0.09375 0.140625
4 0.18509615384615385 0.48677884615384615 0.06009615384615385 0.13221153846153846
4 0.7295673076923077 0.4987980769230769 0.07211538461538461 0.12860576923076922
4 0.23798076923076922 0.5480769230769231 0.078125 0.125
4 0.40625 0.6045673076923077 0.10817307692307693 0.13822115384615385
4 0.7295673076923077 0.6189903846153846 0.06971153846153846 0.140625
4 0.3137019230769231 0.6286057692307693 0.11057692307692307 0.13701923076923078
4 0.23918269230769232 0.6670673076923077 0.05889423076923077 0.140625
4 0.5637019230769231 0.6766826923076923 0.0829326923076923 0.12139423076923077
4 0.4098557692307692 0.7355769230769231 0.10576923076923077 0.11658653846153846
4 0.31850961538461536 0.7608173076923077 0.10817307692307693 0.11658653846153846
