4 0.25961538461538464 0.3737980769230769 0.036057692307692304 0.0889423076923077
4 0.43990384615384615 0.39903846153846156 0.051682692307692304 0.0733173076923077
4 0.6129807692307693 0.40384615384615385 0.06129807692307692 0.09134615384615384
4 0.7524038461538461 0.41346153846153844 0.03245192307692308 0.078125
4 0.20072115384615385 0.4206730769230769 0.03485576923076923 0.08173076923076923
4 0.5805288461538461 0.42788461538461536 0.06129807692307692 0.07211538461538461
4 0.8305288461538461 0.43028846153846156 0.052884615384615384 0.07692307692307693
4 0.3485576923076923 0.43149038461538464 0.052884615384615384 0.06610576923076923
4 0.5168269230769231 0.4338942307692308 0.0625 0.057692307692307696
4 0.4170673076923077 0.45552884615384615 0.04326923076923077 0.08173076923076923
4 0.7379807692307693 0.46274038461538464 0.05048076923076923 0.08413461538461539
4 0.8533653846153846 0.49038461538461536 0.042067307692307696 0.09975961538461539
4 0.19471153846153846 0.4951923076923077 0.055288461538461536 0.0733173076923077
4 0.6826923076923077 0.4951923076923077 0.06370192307692307 0.09615384615384616
4 0.25600961538461536 0.4963942307692308 0.06009615384615385 0.08052884615384616
4 0.5661057692307693 0.5132211538461539 0.0625 0.078125
4 0.6370192307692307 0.5240384615384616 0.06971153846153846 0.0889423076923077
4 0.8173076923076923 0.5408653846153846 0.04326923076923077 0.09615384615384616
4 0.17908653846153846 0.5516826923076923 0.027644230769230768 0.09975961538461539
4 0.5564903846153846 0.5564903846153846 0.06370192307692307 0.04927884615384615
4 0.4170673076923077 0.5661057692307693 0.04447115384615385 0.08774038461538461
4 0.33413461538461536 0.5817307692307693 0.040865384615384616 0.10096153846153846
4 0.7572115384615384 0.5865384615384616 0.06610576923076923 0.09615384615384616
4 0.21634615384615385 0.5961538461538461 0.05048076923076923 0.09735576923076923
4 0.609375 0.6069711538461539 0.06610576923076923 0.07692307692307693
4 0.5564903846153846 0.6129807692307693 0.04567307692307692 0.08533653846153846
4 0.6670673076923077 0.6141826923076923 0.06971153846153846 0.0625
4 0.3870192307692308 0.6213942307692307 0.03485576923076923 0.09615384615384616
4 0.7307692307692307 0.6262019230769231 0.05889423076923077 0.09975961538461539
4 0.24639423076923078 0.6370192307692307 0.06129807692307692 0.09975961538461539
4 0.6826923076923077 0.6682692307692307 0.03365384615384615 0.1045673076923077
4 0.3004807692307692 0.6862980769230769 0.05889423076923077 0.09975961538461539
4 0.6382211538461539 0.7115384615384616 0.055288461538461536 0.10096153846153846
4 0.35697115384615385 0.7199519230769231 0.0673076923076923 0.10096153846153846
4 0.42427884615384615 0.7223557692307693 0.0625 0.09975961538461539
4 0.5745192307692307 0.7307692307692307 0.0673076923076923 0.10096153846153846
4 0.49759615384615385 0.7439903846153846 0.07692307692307693 0.10336538461538461
