4 0.4375 0.14302884615384615 0.08173076923076923 0.04567307692307692
4 0.1466346153846154 0.14783653846153846 0.09975961538461539 0.038461538461538464
4 0.8137019230769231 0.16947115384615385 0.09014423076923077 0.04447115384615385
4 0.28846153846153844 0.019230769230769232 0.09014423076923077 0.038461538461538464
4 0.17427884615384615 0.19591346153846154 0.07211538461538461 0.056490384615384616
4 0.28365384615384615 0.20192307692307693 0.07692307692307693 0.04567307692307692
4 0.49399038461538464 0.25721153846153844 0.06490384615384616 0.06610576923076923
4 0.04927884615384615 0.28725961538461536 0.05889423076923077 0.056490384615384616
4 0.6778846153846154 0.2956730769230769 0.10336538461538461 0.04567307692307692
4 0.5829326923076923 0.296875 0.0985576923076923 0.046875
4 0.18269230769230768 0.3125 0.09495192307692307 0.039663461538461536
4 0.43509615384615385 0.32211538461538464 0.06009615384615385 0.0673076923076923
4 0.9290865384615384 0.33052884615384615 0.06490384615384616 0.0625
4 0.33774038461538464 0.3581730769230769 0.04326923076923077 0.0733173076923077
4 0.625 0.3798076923076923 0.056490384615384616 0.04807692307692308
4 0.24519230769230768 0.41346153846153844 0.0733173076923077 0.06129807692307692
4 0.03485576923076923 0.4230769230769231 0.06610576923076923 0.06850961538461539
4 0.4987980769230769 0.44591346153846156 0.09134615384615384 0.056490384615384616
4 0.8473557692307693 0.44711538461538464 0.04807692307692308 0.06610576923076923
4 0.6802884615384616 0.4579326923076923 0.08653846153846154 0.04567307692307692
4 0.15144230769230768 0.4699519230769231 0.10336538461538461 0.037259615384615384
4 0.5625 0.4879807692307692 0.10216346153846154 0.046875
4 0.8894230769230769 0.5024038461538461 0.09495192307692307 0.05048076923076923
4 0.06129807692307692 0.515625 0.06129807692307692 0.06490384615384616
4 0.5528846153846154 0.5216346153846154 0.09134615384615384 0.052884615384615384
4 0.5661057692307693 0.051682692307692304 0.1045673076923077 0.039663461538461536
4 0.23557692307692307 0.5216346153846154 0.10216346153846154 0.046875
4 0.4206730769230769 0.052884615384615384 0.09134615384615384 0.052884615384615384
4 0.11538461538461539 0.5516826923076923 0.07211538461538461 0.057692307692307696
4 0.23918269230769232 0.5625 0.09495192307692307 0.040865384615384616
4 0.37259615384615385 0.5733173076923077 0.09495192307692307 0.042067307692307696
4 0.7776442307692307 0.625 0.06850961538461539 0.0625
4 0.1778846153846154 0.6382211538461539 0.08173076923076923 0.052884615384615384
4 0.35216346153846156 0.6454326923076923 0.078125 0.051682692307692304
4 0.6201923076923077 0.6514423076923077 0.09375 0.04927884615384615
4 0.9375 0.6586538461538461 0.0985576923076923 0.04447115384615385
4 0.7163461538461539 0.7007211538461539 0.06610576923076923 0.06009615384615385
4 0.45552884615384615 0.7668269230769231 0.0829326923076923 0.04567307692307692
4 0.8233173076923077 0.7872596153846154 0.10336538461538461 0.051682692307692304
4 0.9206730769230769 0.7944711538461539 0.08533653846153846 0.04447115384615385
4 0.5564903846153846 0.7992788461538461 0.06009615384615385 0.06490384615384616
4 0.36177884615384615 0.8064903846153846 0.07692307692307693 0.06610576923076923
4 0.18629807692307693 0.828125 0.10336538461538461 0.05048076923076923
4 0.9302884615384616 0.8569711538461539 0.08533653846153846 0.052884615384615384
4 0.5228365384615384 0.8605769230769231 0.09014423076923077 0.046875
4 0.32572115384615385 0.8617788461538461 0.10216346153846154 0.056490384615384616
4 0.09975961538461539 0.9290865384615384 0.07692307692307693 0.046875
4 0.2247596153846154 0.9350961538461539 0.09375 0.042067307692307696
4 0.6262019230769231 0.9411057692307693 0.1045673076923077 0.04326923076923077
4 0.9206730769230769 0.9471153846153846 0.09134615384615384 0.04807692307692308
4 0.9675480769230769 0.09615384615384616 0.06129807692307692 0.06610576923076923
4 0.8653846153846154 0.10216346153846154 0.0985576923076923 0.06129807692307692
