4 0.2536057692307692 0.4014423076923077 0.07211538461538461 0.13221153846153846
4 0.42427884615384615 0.48197115384615385 0.09975961538461539 0.15384615384615385
4 0.12259615384615384 0.49759615384615385 0.10096153846153846 0.1466346153846154
4 0.5192307692307693 0.5132211538461539 0.08774038461538461 0.14423076923076922
4 0.38461538461538464 0.5384615384615384 0.09014423076923077 0.15384615384615385
4 0.6574519230769231 0.5528846153846154 0.09134615384615384 0.16947115384615385
4 0.5901442307692307 0.5588942307692307 0.06850961538461539 0.15144230769230768
4 0.265625 0.578125 0.09975961538461539 0.14182692307692307
4 0.07451923076923077 0.6153846153846154 0.08052884615384616 0.14182692307692307
4 0.15504807692307693 0.6298076923076923 0.07572115384615384 0.1466346153846154
4 0.5564903846153846 0.6454326923076923 0.06971153846153846 0.14423076923076922
4 0.7295673076923077 0.6802884615384616 0.10576923076923077 0.15384615384615385
4 0.20072115384615385 0.6850961538461539 0.09134615384615384 0.15384615384615385
4 0.6334134615384616 0.6911057692307693 0.10096153846153846 0.1466346153846154
4 0.45072115384615385 0.7091346153846154 0.10096153846153846 0.15384615384615385
4 0.34615384615384615 0.7247596153846154 0.09975961538461539 0.15384615384615385
