4 0.6622596153846154 0.16466346153846154 0.08533653846153846 0.039663461538461536
4 0.546875 0.19230769230769232 0.08774038461538461 0.04927884615384615
4 0.11298076923076923 0.19230769230769232 0.0733173076923077 0.078125
4 0.47836538461538464 0.2824519230769231 0.10817307692307693 0.07692307692307693
4 0.11658653846153846 0.28725961538461536 0.06370192307692307 0.07211538461538461
4 0.5925480769230769 0.30649038461538464 0.0985576923076923 0.06009615384615385
4 0.6237980769230769 0.35336538461538464 0.0829326923076923 0.10096153846153846
4 0.7932692307692307 0.421875 0.054086538461538464 0.11057692307692307
4 0.42788461538461536 0.44711538461538464 0.08052884615384616 0.11899038461538461
4 0.31971153846153844 0.4651442307692308 0.06850961538461539 0.078125
4 0.9663461538461539 0.4675480769230769 0.06370192307692307 0.08533653846153846
4 0.9435096153846154 0.5372596153846154 0.09975961538461539 0.055288461538461536
4 0.8533653846153846 0.5552884615384616 0.08173076923076923 0.078125
4 0.6646634615384616 0.6009615384615384 0.0829326923076923 0.11057692307692307
4 0.8401442307692307 0.6334134615384616 0.13341346153846154 0.06490384615384616
4 0.19110576923076922 0.6502403846153846 0.08774038461538461 0.09495192307692307
4 0.3076923076923077 0.6899038461538461 0.09975961538461539 0.1045673076923077
4 0.42427884615384615 0.6923076923076923 0.10817307692307693 0.11057692307692307
4 0.23557692307692307 0.7355769230769231 0.12740384615384615 0.12740384615384615
4 0.7800480769230769 0.7644230769230769 0.13942307692307693 0.13221153846153846
4 0.46274038461538464 0.765625 0.06971153846153846 0.11899038461538461
4 0.8040865384615384 0.0829326923076923 0.06490384615384616 0.052884615384615384
4 0.8028846153846154 0.8918269230769231 0.05048076923076923 0.10336538461538461
4 0.47836538461538464 0.8990384615384616 0.11057692307692307 0.10817307692307693
4 0.5324519230769231 0.0985576923076923 0.0733173076923077 0.06850961538461539
4 0.3112980769230769 0.1045673076923077 0.06370192307692307 0.06850961538461539
4 0.890625 0.10817307692307693 0.07211538461538461 0.04927884615384615
4 0.7055288461538461 0.12860576923076922 0.07692307692307693 0.037259615384615384
4 0.8233173076923077 0.13701923076923078 0.042067307692307696 0.07572115384615384
4 0.04567307692307692 0.14302884615384615 0.08774038461538461 0.09254807692307693
