4 0.9314903846153846 0.3076923076923077 0.042067307692307696 0.09014423076923077
4 0.08052884615384616 0.359375 0.06370192307692307 0.11538461538461539
4 0.3161057692307692 0.39302884615384615 0.03485576923076923 0.11538461538461539
4 0.9302884615384616 0.40625 0.03245192307692308 0.09975961538461539
4 0.6033653846153846 0.41947115384615385 0.026442307692307692 0.11538461538461539
4 0.5757211538461539 0.42908653846153844 0.027644230769230768 0.09615384615384616
4 0.7199519230769231 0.43028846153846156 0.04447115384615385 0.08774038461538461
4 0.18509615384615385 0.45072115384615385 0.026442307692307692 0.07211538461538461
4 0.3605769230769231 0.046875 0.054086538461538464 0.06971153846153846
4 0.11658653846153846 0.4579326923076923 0.0625 0.057692307692307696
4 0.8004807692307693 0.45913461538461536 0.055288461538461536 0.10817307692307693
4 0.7463942307692307 0.47115384615384615 0.04447115384615385 0.08413461538461539
4 0.9471153846153846 0.47716346153846156 0.04927884615384615 0.10216346153846154
4 0.21394230769230768 0.4831730769230769 0.039663461538461536 0.09615384615384616
4 0.15985576923076922 0.49038461538461536 0.037259615384615384 0.03365384615384615
4 0.8497596153846154 0.4987980769230769 0.042067307692307696 0.11538461538461539
4 0.6442307692307693 0.052884615384615384 0.055288461538461536 0.06370192307692307
4 0.5048076923076923 0.515625 0.05889423076923077 0.11177884615384616
4 0.27524038461538464 0.5168269230769231 0.046875 0.10216346153846154
4 0.4411057692307692 0.5192307692307693 0.04567307692307692 0.10817307692307693
4 0.7007211538461539 0.5192307692307693 0.039663461538461536 0.09615384615384616
4 0.38100961538461536 0.5228365384615384 0.036057692307692304 0.07211538461538461
4 0.9711538461538461 0.5360576923076923 0.05048076923076923 0.07572115384615384
4 0.8966346153846154 0.5396634615384616 0.046875 0.07572115384615384
4 0.3329326923076923 0.5480769230769231 0.06370192307692307 0.09375
4 0.7524038461538461 0.05889423076923077 0.021634615384615384 0.07572115384615384
4 0.6514423076923077 0.5817307692307693 0.04447115384615385 0.09375
4 0.9326923076923077 0.6057692307692307 0.04927884615384615 0.06971153846153846
4 0.37740384615384615 0.6117788461538461 0.03245192307692308 0.09975961538461539
4 0.18269230769230768 0.6189903846153846 0.037259615384615384 0.10817307692307693
4 0.3317307692307692 0.625 0.06490384615384616 0.08413461538461539
4 0.6033653846153846 0.6370192307692307 0.052884615384615384 0.06009615384615385
4 0.21514423076923078 0.640625 0.03485576923076923 0.08413461538461539
4 0.055288461538461536 0.6646634615384616 0.057692307692307696 0.078125
4 0.8076923076923077 0.6694711538461539 0.046875 0.09975961538461539
4 0.8485576923076923 0.671875 0.054086538461538464 0.11177884615384616
4 0.6646634615384616 0.6935096153846154 0.036057692307692304 0.08774038461538461
4 0.5697115384615384 0.6959134615384616 0.05889423076923077 0.06971153846153846
4 0.9591346153846154 0.7079326923076923 0.05889423076923077 0.10576923076923077
4 0.09975961538461539 0.734375 0.04927884615384615 0.054086538461538464
4 0.5252403846153846 0.7355769230769231 0.037259615384615384 0.09975961538461539
4 0.7764423076923077 0.7584134615384616 0.06370192307692307 0.09014423076923077
4 0.04326923076923077 0.7668269230769231 0.057692307692307696 0.078125
4 0.8245192307692307 0.7716346153846154 0.03125 0.11177884615384616
4 0.14903846153846154 0.7728365384615384 0.05889423076923077 0.10817307692307693
4 0.6670673076923077 0.7836538461538461 0.042067307692307696 0.09975961538461539
4 0.38461538461538464 0.7980769230769231 0.0673076923076923 0.07211538461538461
4 0.8918269230769231 0.8100961538461539 0.037259615384615384 0.10817307692307693
4 0.8653846153846154 0.08173076923076923 0.027644230769230768 0.09615384615384616
4 0.1658653846153846 0.8185096153846154 0.057692307692307696 0.09615384615384616
4 0.21995192307692307 0.8305288461538461 0.05048076923076923 0.06610576923076923
4 0.6947115384615384 0.8413461538461539 0.028846153846153848 0.11778846153846154
4 0.0829326923076923 0.8461538461538461 0.039663461538461536 0.11538461538461539
4 0.7908653846153846 0.8605769230769231 0.06490384615384616 0.11538461538461539
4 0.34375 0.8701923076923077 0.03125 0.11538461538461539
4 0.5649038461538461 0.0889423076923077 0.046875 0.07572115384615384
4 0.46153846153846156 0.8918269230769231 0.03485576923076923 0.078125
4 0.20673076923076922 0.8990384615384616 0.037259615384615384 0.11177884615384616
4 0.16706730769230768 0.09014423076923077 0.055288461538461536 0.09615384615384616
4 0.6538461538461539 0.921875 0.0625 0.07211538461538461
4 0.8894230769230769 0.921875 0.037259615384615384 0.10817307692307693
4 0.4579326923076923 0.09495192307692307 0.027644230769230768 0.09375
4 0.7019230769230769 0.9423076923076923 0.03485576923076923 0.10817307692307693
4 0.27524038461538464 0.953125 0.037259615384615384 0.08774038461538461
4 0.078125 0.9567307692307693 0.0625 0.08173076923076923
4 0.5012019230769231 0.9639423076923077 0.06009615384615385 0.042067307692307696
4 0.43028846153846156 0.13341346153846154 0.042067307692307696 0.07211538461538461
4 0.09615384615384616 0.13942307692307693 0.05048076923076923 0.09014423076923077
4 0.5264423076923077 0.14543269230769232 0.036057692307692304 0.09615384615384616
4 0.2247596153846154 0.14783653846153846 0.046875 0.09014423076923077
4 0.9627403846153846 0.16346153846153846 0.03125 0.078125
4 0.018028846153846152 0.17548076923076922 0.036057692307692304 0.08173076923076923
4 0.7848557692307693 0.18389423076923078 0.05889423076923077 0.07211538461538461
4 0.7151442307692307 0.19591346153846154 0.039663461538461536 0.07211538461538461
4 0.2692307692307692 0.20192307692307693 0.05048076923076923 0.06610576923076923
4 0.4375 0.2247596153846154 0.05889423076923077 0.11177884615384616
4 0.17307692307692307 0.22716346153846154 0.055288461538461536 0.10216346153846154
4 0.5877403846153846 0.23076923076923078 0.054086538461538464 0.08173076923076923
4 0.9675480769230769 0.2668269230769231 0.039663461538461536 0.11177884615384616
4 0.12259615384615384 0.2704326923076923 0.05889423076923077 0.06370192307692307
4 0.03245192307692308 0.27163461538461536 0.04567307692307692 0.07211538461538461
4 0.34134615384615385 0.27283653846153844 0.05889423076923077 0.11177884615384616
4 0.6466346153846154 0.2800480769230769 0.06009615384615385 0.11778846153846154
4 0.8149038461538461 0.28365384615384615 0.042067307692307696 0.10817307692307693
4 0.7644230769230769 0.28725961538461536 0.04567307692307692 0.07211538461538461
4 0.23798076923076922 0.2932692307692308 0.03485576923076923 0.10216346153846154
4 0.20552884615384615 0.29927884615384615 0.028846153846153848 0.09615384615384616
