4 0.7115384615384616 0.18269230769230768 0.0829326923076923 0.109375
4 0.2091346153846154 0.20072115384615385 0.09134615384615384 0.055288461538461536
4 0.5480769230769231 0.21875 0.06971153846153846 0.10817307692307693
4 0.14182692307692307 0.24879807692307693 0.054086538461538464 0.10336538461538461
4 0.703125 0.2704326923076923 0.09134615384615384 0.09014423076923077
4 0.9831730769230769 0.29927884615384615 0.028846153846153848 0.11298076923076923
4 0.4651442307692308 0.3076923076923077 0.09495192307692307 0.08653846153846154
4 0.3894230769230769 0.3605769230769231 0.09014423076923077 0.09975961538461539
4 0.9038461538461539 0.3894230769230769 0.09495192307692307 0.06971153846153846
4 0.265625 0.4074519230769231 0.09254807692307693 0.078125
4 0.051682692307692304 0.4266826923076923 0.0829326923076923 0.10817307692307693
4 0.7680288461538461 0.43990384615384615 0.078125 0.09975961538461539
4 0.4891826923076923 0.46033653846153844 0.04447115384615385 0.109375
4 0.5913461538461539 0.4651442307692308 0.08774038461538461 0.10576923076923077
4 0.17067307692307693 0.4879807692307692 0.10576923076923077 0.07692307692307693
4 0.20552884615384615 0.5588942307692307 0.0733173076923077 0.10817307692307693
4 0.07211538461538461 0.5805288461538461 0.08653846153846154 0.09495192307692307
4 0.6286057692307693 0.5853365384615384 0.09615384615384616 0.10817307692307693
4 0.8389423076923077 0.6274038461538461 0.09014423076923077 0.1045673076923077
4 0.4206730769230769 0.6730769230769231 0.09615384615384616 0.1045673076923077
4 0.12740384615384615 0.07091346153846154 0.11057692307692307 0.040865384615384616
4 0.12379807692307693 0.7355769230769231 0.0985576923076923 0.0985576923076923
4 0.6310096153846154 0.765625 0.10336538461538461 0.08653846153846154
4 0.051682692307692304 0.7896634615384616 0.08052884615384616 0.1045673076923077
4 0.8016826923076923 0.7920673076923077 0.10336538461538461 0.0673076923076923
4 0.7788461538461539 0.0829326923076923 0.09134615384615384 0.09615384615384616
4 0.30528846153846156 0.8173076923076923 0.07211538461538461 0.0985576923076923
4 0.3762019230769231 0.8425480769230769 0.09615384615384616 0.09254807692307693
4 0.5625 0.9158653846153846 0.10336538461538461 0.057692307692307696
4 0.8149038461538461 0.9567307692307693 0.042067307692307696 0.0829326923076923
4 0.9435096153846154 0.10336538461538461 0.0673076923076923 0.10576923076923077
4 0.22355769230769232 0.11778846153846154 0.054086538461538464 0.10817307692307693
