4 0.14783653846153846 0.21754807692307693 0.040865384615384616 0.052884615384615384
4 0.3401442307692308 0.22115384615384615 0.04447115384615385 0.03245192307692308
4 0.7908653846153846 0.2247596153846154 0.036057692307692304 0.039663461538461536
4 0.921875 0.23317307692307693 0.026442307692307692 0.052884615384615384
4 0.2127403846153846 0.23798076923076922 0.028846153846153848 0.052884615384615384
4 0.06971153846153846 0.025240384615384616 0.037259615384615384 0.02403846153846154
4 0.41466346153846156 0.24158653846153846 0.026442307692307692 0.04326923076923077
4 0.7235576923076923 0.2439903846153846 0.042067307692307696 0.026442307692307692
4 0.8629807692307693 0.24879807692307693 0.042067307692307696 0.056490384615384616
4 0.6442307692307693 0.25 0.04447115384615385 0.040865384615384616
4 0.8257211538461539 0.25 0.026442307692307692 0.056490384615384616
4 0.11057692307692307 0.2512019230769231 0.042067307692307696 0.05889423076923077
4 0.5721153846153846 0.25240384615384615 0.039663461538461536 0.052884615384615384
4 0.9699519230769231 0.27283653846153844 0.02403846153846154 0.056490384615384616
4 0.7872596153846154 0.2764423076923077 0.037259615384615384 0.052884615384615384
4 0.3125 0.2776442307692308 0.036057692307692304 0.040865384615384616
4 0.27884615384615385 0.2860576923076923 0.026442307692307692 0.054086538461538464
4 0.4050480769230769 0.28725961538461536 0.028846153846153848 0.052884615384615384
4 0.6586538461538461 0.3016826923076923 0.03245192307692308 0.040865384615384616
4 0.7319711538461539 0.30408653846153844 0.036057692307692304 0.03245192307692308
4 0.12379807692307693 0.3088942307692308 0.040865384615384616 0.04326923076923077
4 0.7800480769230769 0.31971153846153844 0.037259615384615384 0.04326923076923077
4 0.07211538461538461 0.3233173076923077 0.037259615384615384 0.05889423076923077
4 0.47596153846153844 0.3245192307692308 0.04567307692307692 0.030048076923076924
4 0.22716346153846154 0.32572115384615385 0.039663461538461536 0.04567307692307692
4 0.6911057692307693 0.328125 0.026442307692307692 0.05048076923076923
4 0.43028846153846156 0.3317307692307692 0.039663461538461536 0.04807692307692308
4 0.3329326923076923 0.33774038461538464 0.039663461538461536 0.039663461538461536
4 0.6394230769230769 0.3389423076923077 0.040865384615384616 0.037259615384615384
4 0.6021634615384616 0.3425480769230769 0.037259615384615384 0.04326923076923077
4 0.17908653846153846 0.35336538461538464 0.027644230769230768 0.04807692307692308
4 0.5600961538461539 0.35697115384615385 0.026442307692307692 0.052884615384615384
4 0.8100961538461539 0.35697115384615385 0.018028846153846152 0.052884615384615384
4 0.9074519230769231 0.36177884615384615 0.040865384615384616 0.06129807692307692
4 0.296875 0.3629807692307692 0.040865384615384616 0.037259615384615384
4 0.9711538461538461 0.3629807692307692 0.03485576923076923 0.054086538461538464
4 0.5 0.3641826923076923 0.039663461538461536 0.04326923076923077
4 0.39903846153846156 0.3701923076923077 0.021634615384615384 0.056490384615384616
4 0.03485576923076923 0.3798076923076923 0.036057692307692304 0.05889423076923077
4 0.7740384615384616 0.390625 0.027644230769230768 0.03245192307692308
4 0.7079326923076923 0.39783653846153844 0.03485576923076923 0.040865384615384616
4 0.11899038461538461 0.40024038461538464 0.026442307692307692 0.054086538461538464
4 0.6634615384615384 0.4014423076923077 0.042067307692307696 0.05048076923076923
4 0.8125 0.4026442307692308 0.040865384615384616 0.039663461538461536
4 0.5084134615384616 0.4074519230769231 0.03245192307692308 0.039663461538461536
4 0.25841346153846156 0.4110576923076923 0.042067307692307696 0.05048076923076923
4 0.28365384615384615 0.040865384615384616 0.021634615384615384 0.056490384615384616
4 0.5096153846153846 0.040865384615384616 0.039663461538461536 0.03485576923076923
4 0.39663461538461536 0.042067307692307696 0.028846153846153848 0.04567307692307692
4 0.4375 0.41466346153846156 0.042067307692307696 0.04567307692307692
4 0.8677884615384616 0.41466346153846156 0.042067307692307696 0.054086538461538464
4 0.4879807692307692 0.4206730769230769 0.042067307692307696 0.039663461538461536
4 0.9795673076923077 0.4254807692307692 0.037259615384615384 0.054086538461538464
4 0.8016826923076923 0.42788461538461536 0.03485576923076923 0.05048076923076923
4 0.23557692307692307 0.42908653846153844 0.028846153846153848 0.056490384615384616
4 0.3581730769230769 0.4338942307692308 0.04447115384615385 0.039663461538461536
4 0.1502403846153846 0.4362980769230769 0.026442307692307692 0.056490384615384616
4 0.02283653846153846 0.44711538461538464 0.04567307692307692 0.0673076923076923
4 0.6478365384615384 0.4483173076923077 0.03485576923076923 0.06129807692307692
4 0.5252403846153846 0.4519230769230769 0.037259615384615384 0.05048076923076923
4 0.06490384615384616 0.4579326923076923 0.037259615384615384 0.04326923076923077
4 0.3125 0.4651442307692308 0.013221153846153846 0.04567307692307692
4 0.8185096153846154 0.4675480769230769 0.026442307692307692 0.05048076923076923
4 0.9375 0.46875 0.04447115384615385 0.03485576923076923
4 0.8966346153846154 0.04807692307692308 0.037259615384615384 0.056490384615384616
4 0.21153846153846154 0.4807692307692308 0.04447115384615385 0.05889423076923077
4 0.5600961538461539 0.4855769230769231 0.04567307692307692 0.04326923076923077
4 0.296875 0.4879807692307692 0.03485576923076923 0.039663461538461536
4 0.7151442307692307 0.49759615384615385 0.028846153846153848 0.05889423076923077
4 0.45072115384615385 0.5012019230769231 0.039663461538461536 0.04807692307692308
4 0.25240384615384615 0.5036057692307693 0.03485576923076923 0.06490384615384616
4 0.0889423076923077 0.5120192307692307 0.04447115384615385 0.039663461538461536
4 0.47475961538461536 0.5168269230769231 0.04567307692307692 0.05889423076923077
4 0.8112980769230769 0.5180288461538461 0.04447115384615385 0.04567307692307692
4 0.5769230769230769 0.5180288461538461 0.026442307692307692 0.056490384615384616
4 0.9194711538461539 0.5228365384615384 0.03245192307692308 0.03485576923076923
4 0.3762019230769231 0.5252403846153846 0.042067307692307696 0.04326923076923077
4 0.18269230769230768 0.5396634615384616 0.03485576923076923 0.05048076923076923
4 0.7019230769230769 0.5396634615384616 0.037259615384615384 0.040865384615384616
4 0.21033653846153846 0.5408653846153846 0.037259615384615384 0.054086538461538464
4 0.4411057692307692 0.5456730769230769 0.036057692307692304 0.040865384615384616
4 0.40384615384615385 0.5528846153846154 0.039663461538461536 0.02403846153846154
4 0.5973557692307693 0.5552884615384616 0.040865384615384616 0.039663461538461536
4 0.8149038461538461 0.5637019230769231 0.039663461538461536 0.056490384615384616
4 0.03245192307692308 0.5649038461538461 0.046875 0.03245192307692308
4 0.9038461538461539 0.5697115384615384 0.046875 0.05889423076923077
4 0.3173076923076923 0.5709134615384616 0.040865384615384616 0.06129807692307692
4 0.6358173076923077 0.5721153846153846 0.039663461538461536 0.054086538461538464
4 0.4891826923076923 0.5769230769230769 0.040865384615384616 0.039663461538461536
4 0.26802884615384615 0.5925480769230769 0.04567307692307692 0.04326923076923077
4 0.5877403846153846 0.5961538461538461 0.042067307692307696 0.054086538461538464
4 0.17067307692307693 0.06129807692307692 0.04447115384615385 0.030048076923076924
4 0.06971153846153846 0.6141826923076923 0.028846153846153848 0.04326923076923077
4 0.3137019230769231 0.6165865384615384 0.042067307692307696 0.052884615384615384
4 0.4891826923076923 0.625 0.03125 0.056490384615384616
4 0.8137019230769231 0.6358173076923077 0.042067307692307696 0.039663461538461536
4 0.20072115384615385 0.640625 0.039663461538461536 0.056490384615384616
4 0.03485576923076923 0.6418269230769231 0.02283653846153846 0.05048076923076923
4 0.10216346153846154 0.6418269230769231 0.03125 0.05889423076923077
4 0.8786057692307693 0.6442307692307693 0.03245192307692308 0.054086538461538464
4 0.3605769230769231 0.6502403846153846 0.042067307692307696 0.037259615384615384
4 0.44711538461538464 0.6502403846153846 0.042067307692307696 0.04567307692307692
4 0.8461538461538461 0.6514423076923077 0.037259615384615384 0.04807692307692308
4 0.20673076923076922 0.06490384615384616 0.02403846153846154 0.052884615384615384
4 0.6838942307692307 0.6574519230769231 0.04447115384615385 0.02403846153846154
4 0.9146634615384616 0.6598557692307693 0.039663461538461536 0.039663461538461536
4 0.6622596153846154 0.06850961538461539 0.036057692307692304 0.05889423076923077
4 0.7512019230769231 0.6766826923076923 0.039663461538461536 0.037259615384615384
4 0.7896634615384616 0.6802884615384616 0.040865384615384616 0.052884615384615384
4 0.08774038461538461 0.6911057692307693 0.04447115384615385 0.03485576923076923
4 0.45072115384615385 0.6923076923076923 0.039663461538461536 0.054086538461538464
4 0.5288461538461539 0.06971153846153846 0.026442307692307692 0.052884615384615384
4 0.5048076923076923 0.7055288461538461 0.019230769230769232 0.06129807692307692
4 0.19471153846153846 0.7091346153846154 0.026442307692307692 0.06370192307692307
4 0.9543269230769231 0.71875 0.04567307692307692 0.030048076923076924
4 0.6538461538461539 0.7319711538461539 0.02403846153846154 0.056490384615384616
4 0.890625 0.7319711538461539 0.02283653846153846 0.052884615384615384
4 0.2824519230769231 0.7451923076923077 0.04927884615384615 0.056490384615384616
4 0.07572115384615384 0.7512019230769231 0.03245192307692308 0.052884615384615384
4 0.03125 0.7548076923076923 0.04567307692307692 0.054086538461538464
4 0.5444711538461539 0.7572115384615384 0.046875 0.054086538461538464
4 0.46274038461538464 0.7680288461538461 0.040865384615384616 0.06370192307692307
4 0.7391826923076923 0.7680288461538461 0.03485576923076923 0.04567307692307692
4 0.9110576923076923 0.78125 0.046875 0.04567307692307692
4 0.04927884615384615 0.07932692307692307 0.037259615384615384 0.040865384615384616
4 0.9855769230769231 0.7920673076923077 0.026442307692307692 0.05048076923076923
4 0.15625 0.7992788461538461 0.040865384615384616 0.052884615384615384
4 0.7560096153846154 0.8004807692307693 0.046875 0.05889423076923077
4 0.6814903846153846 0.8088942307692307 0.028846153846153848 0.054086538461538464
4 0.22596153846153846 0.8100961538461539 0.028846153846153848 0.052884615384615384
4 0.6274038461538461 0.8209134615384616 0.036057692307692304 0.056490384615384616
4 0.4326923076923077 0.8269230769230769 0.028846153846153848 0.05889423076923077
4 0.4807692307692308 0.0829326923076923 0.03245192307692308 0.052884615384615384
4 0.32572115384615385 0.08413461538461539 0.037259615384615384 0.05889423076923077
4 0.7860576923076923 0.8389423076923077 0.028846153846153848 0.056490384615384616
4 0.25961538461538464 0.8473557692307693 0.036057692307692304 0.06490384615384616
4 0.9110576923076923 0.8725961538461539 0.04447115384615385 0.054086538461538464
4 0.5072115384615384 0.8774038461538461 0.03485576923076923 0.05048076923076923
4 0.7932692307692307 0.8798076923076923 0.04447115384615385 0.026442307692307692
4 0.8353365384615384 0.8834134615384616 0.03485576923076923 0.05048076923076923
4 0.6442307692307693 0.8858173076923077 0.036057692307692304 0.04567307692307692
4 0.8617788461538461 0.8894230769230769 0.027644230769230768 0.04807692307692308
4 0.9855769230769231 0.8978365384615384 0.026442307692307692 0.052884615384615384
4 0.0625 0.9014423076923077 0.03245192307692308 0.030048076923076924
4 0.7752403846153846 0.9110576923076923 0.03485576923076923 0.04807692307692308
4 0.7247596153846154 0.9122596153846154 0.04447115384615385 0.05048076923076923
4 0.09014423076923077 0.09254807692307693 0.037259615384615384 0.03245192307692308
4 0.9338942307692307 0.9146634615384616 0.046875 0.039663461538461536
4 0.3269230769230769 0.9206730769230769 0.042067307692307696 0.040865384615384616
4 0.44591346153846156 0.9206730769230769 0.036057692307692304 0.037259615384615384
4 0.21514423076923078 0.9254807692307693 0.04567307692307692 0.06129807692307692
4 0.2608173076923077 0.9350961538461539 0.040865384615384616 0.052884615384615384
4 0.08774038461538461 0.9362980769230769 0.03485576923076923 0.07211538461538461
4 0.6045673076923077 0.9459134615384616 0.028846153846153848 0.056490384615384616
4 0.7848557692307693 0.9567307692307693 0.036057692307692304 0.04807692307692308
4 0.8557692307692307 0.09615384615384616 0.028846153846153848 0.030048076923076924
4 0.39663461538461536 0.9759615384615384 0.046875 0.039663461538461536
4 0.8581730769230769 0.9807692307692307 0.042067307692307696 0.03485576923076923
4 0.7247596153846154 0.10336538461538461 0.027644230769230768 0.054086538461538464
4 0.96875 0.10576923076923077 0.042067307692307696 0.04567307692307692
4 0.5288461538461539 0.11057692307692307 0.037259615384615384 0.021634615384615384
4 0.8161057692307693 0.11057692307692307 0.040865384615384616 0.030048076923076924
4 0.41225961538461536 0.11538461538461539 0.028846153846153848 0.04807692307692308
4 0.8942307692307693 0.125 0.027644230769230768 0.054086538461538464
4 0.47836538461538464 0.12620192307692307 0.027644230769230768 0.052884615384615384
4 0.1875 0.13341346153846154 0.03245192307692308 0.052884615384615384
4 0.3401442307692308 0.140625 0.028846153846153848 0.054086538461538464
4 0.37259615384615385 0.140625 0.036057692307692304 0.05048076923076923
4 0.7920673076923077 0.14543269230769232 0.021634615384615384 0.056490384615384616
4 0.2848557692307692 0.14783653846153846 0.037259615384615384 0.056490384615384616
4 0.018028846153846152 0.14903846153846154 0.036057692307692304 0.05889423076923077
4 0.22355769230769232 0.15384615384615385 0.02403846153846154 0.05048076923076923
4 0.7451923076923077 0.16466346153846154 0.039663461538461536 0.054086538461538464
4 0.6814903846153846 0.019230769230769232 0.03125 0.038461538461538464
4 0.02403846153846154 0.1935096153846154 0.04567307692307692 0.04807692307692308
4 0.5841346153846154 0.020432692307692308 0.027644230769230768 0.040865384615384616
