4 0.9122596153846154 0.22716346153846154 0.07211538461538461 0.054086538461538464
4 0.6394230769230769 0.2403846153846154 0.055288461538461536 0.0673076923076923
4 0.9014423076923077 0.2848557692307692 0.054086538461538464 0.06370192307692307
4 0.9711538461538461 0.296875 0.055288461538461536 0.10216346153846154
4 0.7908653846153846 0.31971153846153844 0.08173076923076923 0.08774038461538461
4 0.6923076923076923 0.39903846153846156 0.0625 0.11298076923076923
4 0.26802884615384615 0.4110576923076923 0.055288461538461536 0.0673076923076923
4 0.5348557692307693 0.41586538461538464 0.08052884615384616 0.07451923076923077
4 0.06971153846153846 0.4206730769230769 0.057692307692307696 0.11778846153846154
4 0.4639423076923077 0.4411057692307692 0.08774038461538461 0.06370192307692307
4 0.5913461538461539 0.4543269230769231 0.07211538461538461 0.08533653846153846
4 0.9122596153846154 0.4543269230769231 0.06850961538461539 0.08533653846153846
4 0.5240384615384616 0.04807692307692308 0.046875 0.09615384615384616
4 0.27524038461538464 0.5396634615384616 0.07692307692307693 0.10697115384615384
4 0.4254807692307692 0.5408653846153846 0.057692307692307696 0.1045673076923077
4 0.34375 0.5612980769230769 0.057692307692307696 0.08052884615384616
4 0.08052884615384616 0.056490384615384616 0.08052884615384616 0.11298076923076923
4 0.056490384615384616 0.6237980769230769 0.08653846153846154 0.08533653846153846
4 0.27163461538461536 0.6334134615384616 0.06370192307692307 0.07572115384615384
4 0.9507211538461539 0.6334134615384616 0.052884615384615384 0.08774038461538461
4 0.31490384615384615 0.06490384615384616 0.05889423076923077 0.07451923076923077
4 0.5540865384615384 0.6658653846153846 0.055288461538461536 0.07572115384615384
4 0.6141826923076923 0.6658653846153846 0.05889423076923077 0.11057692307692307
4 0.17548076923076922 0.6875 0.06971153846153846 0.0889423076923077
4 0.8149038461538461 0.7127403846153846 0.0733173076923077 0.052884615384615384
4 0.08052884615384616 0.7211538461538461 0.08052884615384616 0.09615384615384616
4 0.265625 0.7379807692307693 0.0733173076923077 0.07572115384615384
4 0.3942307692307692 0.7596153846153846 0.06009615384615385 0.10216346153846154
4 0.48677884615384615 0.7620192307692307 0.08533653846153846 0.10697115384615384
4 0.7163461538461539 0.7788461538461539 0.07692307692307693 0.06370192307692307
4 0.8197115384615384 0.8028846153846154 0.05889423076923077 0.10216346153846154
4 0.5757211538461539 0.8209134615384616 0.0625 0.0829326923076923
4 0.2956730769230769 0.8389423076923077 0.052884615384615384 0.09134615384615384
4 0.6538461538461539 0.8846153846153846 0.08052884615384616 0.06490384615384616
4 0.8112980769230769 0.8894230769230769 0.05048076923076923 0.0985576923076923
4 0.15865384615384615 0.9098557692307693 0.07572115384615384 0.0673076923076923
4 0.7271634615384616 0.9122596153846154 0.05889423076923077 0.06490384615384616
4 0.44591346153846156 0.9266826923076923 0.07572115384615384 0.08052884615384616
4 0.23076923076923078 0.9543269230769231 0.06850961538461539 0.08774038461538461
4 0.6237980769230769 0.9591346153846154 0.08052884615384616 0.078125
4 0.14423076923076922 0.96875 0.05048076923076923 0.04567307692307692
4 0.6670673076923077 0.11057692307692307 0.054086538461538464 0.08052884615384616
4 0.49278846153846156 0.11538461538461539 0.057692307692307696 0.09134615384615384
4 0.3942307692307692 0.18870192307692307 0.04567307692307692 0.09375
4 0.7283653846153846 0.21394230769230768 0.0829326923076923 0.09134615384615384
