4 0.08052884615384616 0.24519230769230768 0.09254807692307693 0.13221153846153846
4 0.7115384615384616 0.28725961538461536 0.06009615384615385 0.13701923076923078
4 0.46153846153846156 0.2980769230769231 0.09975961538461539 0.14423076923076922
4 0.24879807692307693 0.30649038461538464 0.08533653846153846 0.10336538461538461
4 0.8942307692307693 0.3233173076923077 0.0829326923076923 0.11778846153846154
4 0.6225961538461539 0.4266826923076923 0.09134615384615384 0.11778846153846154
4 0.46274038461538464 0.42788461538461536 0.08052884615384616 0.11057692307692307
4 0.8485576923076923 0.42788461538461536 0.078125 0.1346153846153846
4 0.5132211538461539 0.47716346153846156 0.1045673076923077 0.08533653846153846
4 0.04326923076923077 0.5048076923076923 0.08653846153846154 0.11778846153846154
4 0.40384615384615385 0.6442307692307693 0.10096153846153846 0.14182692307692307
4 0.7764423076923077 0.6995192307692307 0.0625 0.14423076923076922
4 0.12620192307692307 0.07451923076923077 0.08533653846153846 0.125
4 0.7728365384615384 0.8293269230769231 0.0625 0.16947115384615385
4 0.6694711538461539 0.08413461538461539 0.055288461538461536 0.125
4 0.6189903846153846 0.8521634615384616 0.109375 0.09615384615384616
4 0.4254807692307692 0.8713942307692307 0.0829326923076923 0.14903846153846154
4 0.28365384615384615 0.8774038461538461 0.07692307692307693 0.13221153846153846
4 0.06971153846153846 0.8894230769230769 0.054086538461538464 0.13701923076923078
4 0.7175480769230769 0.921875 0.09615384615384616 0.15144230769230768
4 0.921875 0.12620192307692307 0.0673076923076923 0.125
4 0.5685096153846154 0.1466346153846154 0.07211538461538461 0.11298076923076923
4 0.21033653846153846 0.15985576923076922 0.05889423076923077 0.12259615384615384
4 0.4519230769230769 0.1935096153846154 0.0673076923076923 0.11778846153846154
4 0.8966346153846154 0.22115384615384615 0.057692307692307696 0.13221153846153846
