4 0.4230769230769231 0.27163461538461536 0.17668269230769232 0.19591346153846154
4 0.8329326923076923 0.3425480769230769 0.16706730769230768 0.20552884615384615
4 0.07572115384615384 0.3701923076923077 0.10576923076923077 0.19591346153846154
4 0.6574519230769231 0.39783653846153844 0.15985576923076922 0.18389423076923078
4 0.5360576923076923 0.49759615384615385 0.16947115384615385 0.22115384615384615
4 0.7548076923076923 0.5396634615384616 0.15985576923076922 0.16706730769230768
4 0.3112980769230769 0.6790865384615384 0.10576923076923077 0.21514423076923078
4 0.29086538461538464 0.8377403846153846 0.1141826923076923 0.25961538461538464
4 0.8497596153846154 0.8449519230769231 0.1141826923076923 0.17908653846153846
4 0.5036057692307693 0.9411057692307693 0.1466346153846154 0.11298076923076923
