4 0.02283653846153846 0.2800480769230769 0.04567307692307692 0.12980769230769232
4 0.5348557692307693 0.28966346153846156 0.08533653846153846 0.0985576923076923
4 0.35697115384615385 0.030048076923076924 0.07451923076923077 0.06009615384615385
4 0.21033653846153846 0.2956730769230769 0.046875 0.10096153846153846
4 0.8533653846153846 0.2980769230769231 0.03485576923076923 0.10096153846153846
4 0.9471153846153846 0.3016826923076923 0.052884615384615384 0.10336538461538461
4 0.7391826923076923 0.3088942307692308 0.06971153846153846 0.10336538461538461
4 0.34615384615384615 0.39302884615384615 0.06490384615384616 0.08533653846153846
4 0.2247596153846154 0.39903846153846156 0.08052884615384616 0.09254807692307693
4 0.9567307692307693 0.4014423076923077 0.06370192307692307 0.09254807692307693
4 0.28725961538461536 0.41466346153846156 0.05048076923076923 0.11298076923076923
4 0.7103365384615384 0.4206730769230769 0.0829326923076923 0.125
4 0.13822115384615385 0.4795673076923077 0.0829326923076923 0.1201923076923077
4 0.09495192307692307 0.04927884615384615 0.08173076923076923 0.06850961538461539
4 0.6189903846153846 0.49759615384615385 0.06009615384615385 0.09254807692307693
4 0.546875 0.5108173076923077 0.0829326923076923 0.125
4 0.7560096153846154 0.5144230769230769 0.08052884615384616 0.12259615384615384
4 0.9759615384615384 0.5168269230769231 0.04447115384615385 0.11298076923076923
4 0.8197115384615384 0.5216346153846154 0.06490384615384616 0.09254807692307693
4 0.2439903846153846 0.5240384615384616 0.05889423076923077 0.0985576923076923
4 0.3088942307692308 0.5372596153846154 0.04927884615384615 0.06850961538461539
4 0.4735576923076923 0.5588942307692307 0.057692307692307696 0.0985576923076923
4 0.6442307692307693 0.5853365384615384 0.08173076923076923 0.0829326923076923
4 0.4110576923076923 0.6754807692307693 0.08052884615384616 0.06610576923076923
4 0.06610576923076923 0.7163461538461539 0.07692307692307693 0.08533653846153846
4 0.703125 0.7307692307692307 0.0829326923076923 0.0985576923076923
4 0.6129807692307693 0.7355769230769231 0.0733173076923077 0.10336538461538461
4 0.32211538461538464 0.7391826923076923 0.08774038461538461 0.07572115384615384
4 0.5444711538461539 0.8088942307692307 0.08653846153846154 0.04927884615384615
4 0.8846153846153846 0.8161057692307693 0.04447115384615385 0.078125
4 0.7956730769230769 0.8209134615384616 0.055288461538461536 0.10817307692307693
4 0.8341346153846154 0.8473557692307693 0.0733173076923077 0.09014423076923077
4 0.5901442307692307 0.8822115384615384 0.078125 0.10336538461538461
4 0.6923076923076923 0.9002403846153846 0.04567307692307692 0.12980769230769232
4 0.11658653846153846 0.9146634615384616 0.06370192307692307 0.0985576923076923
4 0.5408653846153846 0.9266826923076923 0.0625 0.11778846153846154
4 0.3786057692307692 0.9338942307692307 0.06850961538461539 0.0829326923076923
4 0.3088942307692308 0.9411057692307693 0.06850961538461539 0.10817307692307693
4 0.5192307692307693 0.0985576923076923 0.0829326923076923 0.12259615384615384
4 0.7331730769230769 0.11899038461538461 0.08173076923076923 0.11538461538461539
4 0.1201923076923077 0.13942307692307693 0.0829326923076923 0.078125
4 0.3641826923076923 0.15745192307692307 0.08173076923076923 0.06850961538461539
4 0.17548076923076922 0.19831730769230768 0.046875 0.11298076923076923
4 0.6490384615384616 0.22716346153846154 0.08533653846153846 0.10096153846153846
4 0.8197115384615384 0.23798076923076922 0.0673076923076923 0.12259615384615384
