4 0.4567307692307692 0.2608173076923077 0.07572115384615384 0.11298076923076923
4 0.29086538461538464 0.265625 0.04807692307692308 0.1141826923076923
4 0.38221153846153844 0.265625 0.08173076923076923 0.08052884615384616
4 0.6947115384615384 0.27884615384615385 0.03365384615384615 0.10697115384615384
4 0.6442307692307693 0.3581730769230769 0.042067307692307696 0.11899038461538461
4 0.7271634615384616 0.38100961538461536 0.0673076923076923 0.11298076923076923
4 0.2091346153846154 0.38341346153846156 0.054086538461538464 0.1141826923076923
4 0.7391826923076923 0.5456730769230769 0.07211538461538461 0.0985576923076923
4 0.4050480769230769 0.5540865384615384 0.08774038461538461 0.10216346153846154
4 0.49278846153846156 0.5745192307692307 0.09134615384615384 0.10096153846153846
4 0.21514423076923078 0.5877403846153846 0.08653846153846154 0.1045673076923077
4 0.5889423076923077 0.5901442307692307 0.0733173076923077 0.11899038461538461
4 0.8040865384615384 0.6177884615384616 0.08774038461538461 0.0985576923076923
4 0.3173076923076923 0.6201923076923077 0.09495192307692307 0.11778846153846154
4 0.38822115384615385 0.703125 0.08533653846153846 0.11658653846153846
4 0.5973557692307693 0.8305288461538461 0.08653846153846154 0.11899038461538461
