4 0.18028846153846154 0.31971153846153844 0.10096153846153846 0.11899038461538461
4 0.6959134615384616 0.3629807692307692 0.09134615384615384 0.15144230769230768
4 0.5901442307692307 0.375 0.09615384615384616 0.14423076923076922
4 0.41225961538461536 0.3918269230769231 0.0985576923076923 0.14423076923076922
4 0.3329326923076923 0.4026442307692308 0.04927884615384615 0.19110576923076922
4 0.11057692307692307 0.41586538461538464 0.036057692307692304 0.1658653846153846
4 0.9326923076923077 0.5216346153846154 0.06009615384615385 0.18389423076923078
4 0.453125 0.5336538461538461 0.10096153846153846 0.17427884615384615
4 0.5673076923076923 0.5528846153846154 0.12259615384615384 0.14903846153846154
4 0.7896634615384616 0.05889423076923077 0.12139423076923077 0.11658653846153846
4 0.6598557692307693 0.6021634615384616 0.0829326923076923 0.13701923076923078
4 0.7427884615384616 0.6081730769230769 0.11298076923076923 0.17908653846153846
4 0.11658653846153846 0.6177884615384616 0.052884615384615384 0.17427884615384615
4 0.34615384615384615 0.7415865384615384 0.11658653846153846 0.14903846153846154
4 0.671875 0.8064903846153846 0.09975961538461539 0.17427884615384615
4 0.13701923076923078 0.8064903846153846 0.1310096153846154 0.1935096153846154
4 0.7848557692307693 0.8088942307692307 0.11899038461538461 0.04927884615384615
4 0.5072115384615384 0.8605769230769231 0.09615384615384616 0.14903846153846154
4 0.08413461538461539 0.0889423076923077 0.06370192307692307 0.13341346153846154
4 0.27163461538461536 0.8966346153846154 0.054086538461538464 0.1658653846153846
4 0.4170673076923077 0.9122596153846154 0.11899038461538461 0.12139423076923077
4 0.17668269230769232 0.13221153846153846 0.1141826923076923 0.17067307692307693
4 0.59375 0.13822115384615385 0.12860576923076922 0.17668269230769232
4 0.7331730769230769 0.15745192307692307 0.07572115384615384 0.1814903846153846
4 0.30288461538461536 0.2283653846153846 0.11899038461538461 0.0889423076923077
4 0.07572115384615384 0.2439903846153846 0.13221153846153846 0.17668269230769232
