4 0.5552884615384616 0.24759615384615385 0.04927884615384615 0.078125
4 0.7764423076923077 0.24879807692307693 0.05048076923076923 0.042067307692307696
4 0.6213942307692307 0.25600961538461536 0.036057692307692304 0.07572115384615384
4 0.9098557692307693 0.25841346153846156 0.04567307692307692 0.03245192307692308
4 0.8521634615384616 0.26322115384615385 0.046875 0.051682692307692304
4 0.17067307692307693 0.28365384615384615 0.05048076923076923 0.07572115384615384
4 0.7788461538461539 0.28846153846153844 0.052884615384615384 0.037259615384615384
4 0.9807692307692307 0.2932692307692308 0.03485576923076923 0.046875
4 0.18028846153846154 0.028846153846153848 0.05048076923076923 0.039663461538461536
4 0.3858173076923077 0.29447115384615385 0.042067307692307696 0.028846153846153848
4 0.484375 0.29447115384615385 0.054086538461538464 0.06370192307692307
4 0.6706730769230769 0.29447115384615385 0.05048076923076923 0.0733173076923077
4 0.0829326923076923 0.2980769230769231 0.036057692307692304 0.07091346153846154
4 0.3137019230769231 0.29927884615384615 0.042067307692307696 0.06850961538461539
4 0.2776442307692308 0.3125 0.026442307692307692 0.08052884615384616
4 0.06009615384615385 0.03245192307692308 0.027644230769230768 0.06370192307692307
4 0.44350961538461536 0.3389423076923077 0.046875 0.051682692307692304
4 0.3954326923076923 0.3449519230769231 0.052884615384615384 0.07572115384615384
4 0.5348557692307693 0.3473557692307692 0.05048076923076923 0.07091346153846154
4 0.8125 0.35096153846153844 0.03485576923076923 0.06370192307692307
4 0.6490384615384616 0.36538461538461536 0.036057692307692304 0.05889423076923077
4 0.5877403846153846 0.3713942307692308 0.037259615384615384 0.07091346153846154
4 0.8954326923076923 0.3786057692307692 0.02283653846153846 0.07572115384615384
4 0.9122596153846154 0.38461538461538464 0.02283653846153846 0.0733173076923077
4 0.9639423076923077 0.39302884615384615 0.039663461538461536 0.056490384615384616
4 0.07932692307692307 0.3942307692307692 0.046875 0.0733173076923077
4 0.28365384615384615 0.40024038461538464 0.037259615384615384 0.07572115384615384
4 0.019230769230769232 0.4014423076923077 0.026442307692307692 0.078125
4 0.22716346153846154 0.4014423076923077 0.055288461538461536 0.03485576923076923
4 0.15504807692307693 0.4050480769230769 0.04927884615384615 0.051682692307692304
4 0.6730769230769231 0.4098557692307692 0.04927884615384615 0.039663461538461536
4 0.3425480769230769 0.4387019230769231 0.026442307692307692 0.06850961538461539
4 0.9158653846153846 0.04567307692307692 0.05048076923076923 0.026442307692307692
4 0.4855769230769231 0.44350961538461536 0.026442307692307692 0.0733173076923077
4 0.8930288461538461 0.4483173076923077 0.02403846153846154 0.06850961538461539
4 0.5444711538461539 0.45552884615384615 0.037259615384615384 0.0733173076923077
4 0.3004807692307692 0.4639423076923077 0.052884615384615384 0.056490384615384616
4 0.6105769230769231 0.4675480769230769 0.03125 0.0733173076923077
4 0.19591346153846154 0.4831730769230769 0.03245192307692308 0.0733173076923077
4 0.7211538461538461 0.4879807692307692 0.04447115384615385 0.06850961538461539
4 0.1622596153846154 0.49399038461538464 0.03485576923076923 0.07091346153846154
4 0.028846153846153848 0.5072115384615384 0.052884615384615384 0.06370192307692307
4 0.8389423076923077 0.052884615384615384 0.037259615384615384 0.07572115384615384
4 0.8509615384615384 0.5204326923076923 0.037259615384615384 0.07091346153846154
4 0.3858173076923077 0.5276442307692307 0.026442307692307692 0.08052884615384616
4 0.7872596153846154 0.5300480769230769 0.040865384615384616 0.051682692307692304
4 0.5564903846153846 0.5384615384615384 0.04447115384615385 0.06129807692307692
4 0.19591346153846154 0.5420673076923077 0.026442307692307692 0.06850961538461539
4 0.640625 0.5492788461538461 0.052884615384615384 0.04927884615384615
4 0.28725961538461536 0.5528846153846154 0.039663461538461536 0.051682692307692304
4 0.71875 0.5552884615384616 0.039663461538461536 0.06129807692307692
4 0.9855769230769231 0.5637019230769231 0.026442307692307692 0.06370192307692307
4 0.3317307692307692 0.5649038461538461 0.039663461538461536 0.056490384615384616
4 0.5360576923076923 0.5733173076923077 0.04567307692307692 0.04927884615384615
4 0.7536057692307693 0.06009615384615385 0.036057692307692304 0.056490384615384616
4 0.9603365384615384 0.6009615384615384 0.026442307692307692 0.078125
4 0.3605769230769231 0.6021634615384616 0.04927884615384615 0.07091346153846154
4 0.6225961538461539 0.6057692307692307 0.028846153846153848 0.078125
4 0.20072115384615385 0.6165865384615384 0.021634615384615384 0.07572115384615384
4 0.29086538461538464 0.6177884615384616 0.055288461538461536 0.078125
4 0.08173076923076923 0.6189903846153846 0.026442307692307692 0.07091346153846154
4 0.5084134615384616 0.6213942307692307 0.04927884615384615 0.037259615384615384
4 0.1778846153846154 0.6225961538461539 0.02283653846153846 0.06850961538461539
4 0.46153846153846156 0.640625 0.03125 0.07572115384615384
4 0.38100961538461536 0.6502403846153846 0.042067307692307696 0.07091346153846154
4 0.9350961538461539 0.6598557692307693 0.05048076923076923 0.078125
4 0.6670673076923077 0.06610576923076923 0.042067307692307696 0.078125
4 0.6033653846153846 0.6622596153846154 0.03485576923076923 0.04927884615384615
4 0.018028846153846152 0.6646634615384616 0.036057692307692304 0.078125
4 0.25721153846153844 0.6658653846153846 0.04447115384615385 0.051682692307692304
4 0.3317307692307692 0.6658653846153846 0.052884615384615384 0.08052884615384616
4 0.9795673076923077 0.6706730769230769 0.037259615384615384 0.051682692307692304
4 0.8341346153846154 0.6766826923076923 0.05048076923076923 0.05889423076923077
4 0.6370192307692307 0.6790865384615384 0.03485576923076923 0.06370192307692307
4 0.0829326923076923 0.6814903846153846 0.055288461538461536 0.04447115384615385
4 0.16826923076923078 0.6899038461538461 0.03245192307692308 0.07572115384615384
4 0.5721153846153846 0.6911057692307693 0.040865384615384616 0.03485576923076923
4 0.2091346153846154 0.6971153846153846 0.052884615384615384 0.03245192307692308
4 0.8665865384615384 0.6971153846153846 0.028846153846153848 0.07091346153846154
4 0.5396634615384616 0.6983173076923077 0.019230769230769232 0.0733173076923077
4 0.6850961538461539 0.6995192307692307 0.04927884615384615 0.042067307692307696
4 0.7596153846153846 0.7247596153846154 0.04567307692307692 0.051682692307692304
4 0.12379807692307693 0.7247596153846154 0.042067307692307696 0.056490384615384616
4 0.8221153846153846 0.7283653846153846 0.04927884615384615 0.054086538461538464
4 0.03245192307692308 0.7307692307692307 0.054086538461538464 0.0829326923076923
4 0.24639423076923078 0.7367788461538461 0.042067307692307696 0.042067307692307696
4 0.6646634615384616 0.7367788461538461 0.04567307692307692 0.051682692307692304
4 0.3713942307692308 0.7391826923076923 0.02403846153846154 0.07572115384615384
4 0.5084134615384616 0.7391826923076923 0.046875 0.08052884615384616
4 0.45552884615384615 0.7427884615384616 0.046875 0.054086538461538464
4 0.7668269230769231 0.07692307692307693 0.037259615384615384 0.06129807692307692
4 0.9759615384615384 0.7608173076923077 0.04567307692307692 0.037259615384615384
4 0.039663461538461536 0.7776442307692307 0.04447115384615385 0.042067307692307696
4 0.9326923076923077 0.7788461538461539 0.05048076923076923 0.039663461538461536
4 0.3293269230769231 0.07932692307692307 0.027644230769230768 0.07572115384615384
4 0.042067307692307696 0.07932692307692307 0.04567307692307692 0.051682692307692304
4 0.8834134615384616 0.7848557692307693 0.042067307692307696 0.05889423076923077
4 0.1622596153846154 0.7884615384615384 0.052884615384615384 0.06610576923076923
4 0.8028846153846154 0.7908653846153846 0.054086538461538464 0.07091346153846154
4 0.6742788461538461 0.8076923076923077 0.03245192307692308 0.046875
4 0.18509615384615385 0.08173076923076923 0.02283653846153846 0.07572115384615384
4 0.7632211538461539 0.8221153846153846 0.028846153846153848 0.051682692307692304
4 0.12379807692307693 0.8221153846153846 0.037259615384615384 0.056490384615384616
4 0.38822115384615385 0.8257211538461539 0.054086538461538464 0.028846153846153848
4 0.4831730769230769 0.8329326923076923 0.03485576923076923 0.06850961538461539
4 0.7127403846153846 0.8329326923076923 0.046875 0.054086538461538464
4 0.8341346153846154 0.8401442307692307 0.021634615384615384 0.078125
4 0.4423076923076923 0.8485576923076923 0.04927884615384615 0.0733173076923077
4 0.5492788461538461 0.8545673076923077 0.039663461538461536 0.06129807692307692
4 0.4423076923076923 0.08533653846153846 0.05048076923076923 0.054086538461538464
4 0.65625 0.859375 0.027644230769230768 0.07572115384615384
4 0.2932692307692308 0.8605769230769231 0.037259615384615384 0.06370192307692307
4 0.8930288461538461 0.8677884615384616 0.027644230769230768 0.0733173076923077
4 0.20072115384615385 0.8798076923076923 0.042067307692307696 0.06370192307692307
4 0.5396634615384616 0.08774038461538461 0.04567307692307692 0.039663461538461536
4 0.28966346153846156 0.8834134615384616 0.03485576923076923 0.06129807692307692
4 0.11177884615384616 0.8918269230769231 0.046875 0.078125
4 0.9831730769230769 0.8966346153846154 0.03125 0.078125
4 0.4987980769230769 0.9038461538461539 0.04447115384615385 0.078125
4 0.15745192307692307 0.9050480769230769 0.04567307692307692 0.06610576923076923
4 0.2776442307692308 0.09014423076923077 0.052884615384615384 0.04447115384615385
4 0.4651442307692308 0.9074519230769231 0.03485576923076923 0.0733173076923077
4 0.6394230769230769 0.9158653846153846 0.05048076923076923 0.051682692307692304
4 0.9302884615384616 0.9194711538461539 0.054086538461538464 0.05889423076923077
4 0.7596153846153846 0.9507211538461539 0.039663461538461536 0.0733173076923077
4 0.6995192307692307 0.9567307692307693 0.052884615384615384 0.07091346153846154
4 0.9627403846153846 0.9603365384615384 0.05048076923076923 0.0733173076923077
4 0.39903846153846156 0.9627403846153846 0.02283653846153846 0.06850961538461539
4 0.46033653846153844 0.9711538461538461 0.021634615384615384 0.054086538461538464
4 0.3076923076923077 0.12139423076923077 0.055288461538461536 0.042067307692307696
4 0.37740384615384615 0.12139423076923077 0.04927884615384615 0.08052884615384616
4 0.11057692307692307 0.12980769230769232 0.04927884615384615 0.054086538461538464
4 0.5805288461538461 0.1310096153846154 0.052884615384615384 0.03245192307692308
4 0.4855769230769231 0.13221153846153846 0.04927884615384615 0.039663461538461536
4 0.4326923076923077 0.13701923076923078 0.05048076923076923 0.039663461538461536
4 0.6538461538461539 0.13822115384615385 0.05048076923076923 0.042067307692307696
4 0.23557692307692307 0.13942307692307693 0.036057692307692304 0.078125
4 0.8425480769230769 0.14423076923076922 0.054086538461538464 0.054086538461538464
4 0.1466346153846154 0.15985576923076922 0.05048076923076923 0.03485576923076923
4 0.7512019230769231 0.18269230769230768 0.055288461538461536 0.08052884615384616
4 0.5913461538461539 0.18509615384615385 0.039663461538461536 0.07572115384615384
4 0.11298076923076923 0.20192307692307693 0.016826923076923076 0.07572115384615384
4 0.3485576923076923 0.203125 0.03245192307692308 0.03485576923076923
4 0.8786057692307693 0.20673076923076922 0.052884615384615384 0.046875
4 0.47716346153846156 0.21033653846153846 0.055288461538461536 0.06850961538461539
4 0.32211538461538464 0.21754807692307693 0.027644230769230768 0.0733173076923077
4 0.3942307692307692 0.02283653846153846 0.052884615384615384 0.04567307692307692
4 0.4423076923076923 0.23677884615384615 0.04927884615384615 0.06610576923076923
4 0.038461538461538464 0.2439903846153846 0.046875 0.037259615384615384
