4 0.6646634615384616 0.18389423076923078 0.08533653846153846 0.08653846153846154
4 0.5685096153846154 0.2283653846153846 0.09254807692307693 0.1201923076923077
4 0.8521634615384616 0.234375 0.07692307692307693 0.09254807692307693
4 0.43509615384615385 0.24759615384615385 0.03365384615384615 0.13822115384615385
4 0.7223557692307693 0.2536057692307692 0.0889423076923077 0.08774038461538461
4 0.9350961538461539 0.2668269230769231 0.06971153846153846 0.04447115384615385
4 0.7956730769230769 0.27524038461538464 0.07572115384615384 0.04807692307692308
4 0.3473557692307692 0.2800480769230769 0.10576923076923077 0.0889423076923077
4 0.7439903846153846 0.43509615384615385 0.0733173076923077 0.1141826923076923
4 0.44350961538461536 0.04567307692307692 0.1045673076923077 0.052884615384615384
4 0.8786057692307693 0.453125 0.06370192307692307 0.10336538461538461
4 0.9795673076923077 0.5060096153846154 0.038461538461538464 0.09615384615384616
4 0.6370192307692307 0.515625 0.10817307692307693 0.1502403846153846
4 0.47596153846153844 0.5685096153846154 0.07451923076923077 0.1466346153846154
4 0.5480769230769231 0.5745192307692307 0.07211538461538461 0.12620192307692307
4 0.7283653846153846 0.5745192307692307 0.10216346153846154 0.1201923076923077
4 0.9567307692307693 0.6009615384615384 0.040865384615384616 0.10336538461538461
4 0.11778846153846154 0.6286057692307693 0.0673076923076923 0.171875
4 0.6129807692307693 0.6310096153846154 0.10817307692307693 0.06370192307692307
4 0.3762019230769231 0.640625 0.12860576923076922 0.16466346153846154
4 0.19471153846153846 0.6502403846153846 0.14543269230769232 0.055288461538461536
4 0.20432692307692307 0.75 0.09254807692307693 0.12620192307692307
4 0.3629807692307692 0.7800480769230769 0.10817307692307693 0.1310096153846154
4 0.8617788461538461 0.9483173076923077 0.057692307692307696 0.09975961538461539
4 0.7692307692307693 0.9579326923076923 0.09375 0.08052884615384616
