4 0.03365384615384615 0.22596153846153846 0.055288461538461536 0.09254807692307693
4 0.9387019230769231 0.2403846153846154 0.04807692307692308 0.10336538461538461
4 0.09735576923076923 0.2536057692307692 0.0733173076923077 0.08173076923076923
4 0.6069711538461539 0.2848557692307692 0.07572115384615384 0.11658653846153846
4 0.2127403846153846 0.3762019230769231 0.07211538461538461 0.10336538461538461
4 0.5697115384615384 0.38221153846153844 0.06370192307692307 0.06971153846153846
4 0.4050480769230769 0.390625 0.056490384615384616 0.09014423076923077
4 0.38822115384615385 0.44471153846153844 0.0673076923076923 0.07932692307692307
4 0.30649038461538464 0.44711538461538464 0.0625 0.09014423076923077
4 0.5793269230769231 0.046875 0.07211538461538461 0.09375
4 0.203125 0.453125 0.06610576923076923 0.09375
4 0.20673076923076922 0.5 0.05889423076923077 0.0985576923076923
4 0.7512019230769231 0.5060096153846154 0.04326923076923077 0.11658653846153846
4 0.07451923076923077 0.5216346153846154 0.06971153846153846 0.08173076923076923
4 0.5336538461538461 0.5456730769230769 0.04807692307692308 0.09975961538461539
4 0.13942307692307693 0.5721153846153846 0.05889423076923077 0.11177884615384616
4 0.7608173076923077 0.06129807692307692 0.054086538461538464 0.0889423076923077
4 0.4723557692307692 0.6153846153846154 0.0733173076923077 0.10576923076923077
4 0.42788461538461536 0.6478365384615384 0.06850961538461539 0.11177884615384616
4 0.1935096153846154 0.7199519230769231 0.051682692307692304 0.09975961538461539
4 0.4891826923076923 0.7211538461538461 0.051682692307692304 0.11538461538461539
4 0.5444711538461539 0.7355769230769231 0.06850961538461539 0.09014423076923077
4 0.7463942307692307 0.7608173076923077 0.056490384615384616 0.109375
4 0.7043269230769231 0.08052884615384616 0.07211538461538461 0.09254807692307693
4 0.4495192307692308 0.8052884615384616 0.04447115384615385 0.09014423076923077
4 0.31490384615384615 0.8137019230769231 0.057692307692307696 0.0985576923076923
4 0.17307692307692307 0.8341346153846154 0.0673076923076923 0.06370192307692307
4 0.6466346153846154 0.8389423076923077 0.08052884615384616 0.10336538461538461
4 0.5829326923076923 0.8665865384615384 0.06610576923076923 0.11899038461538461
4 0.6225961538461539 0.09014423076923077 0.0625 0.109375
4 0.20432692307692307 0.9302884615384616 0.05048076923076923 0.11658653846153846
4 0.34975961538461536 0.9675480769230769 0.08052884615384616 0.0625
4 0.5348557692307693 0.14423076923076922 0.051682692307692304 0.11538461538461539
4 0.9723557692307693 0.15985576923076922 0.051682692307692304 0.11538461538461539
4 0.3425480769230769 0.17307692307692307 0.06610576923076923 0.08173076923076923
4 0.21634615384615385 0.18629807692307693 0.056490384615384616 0.09975961538461539
